0.000000 0.000000
0.001953 0.000000
0.003906 0.000000
0.005859 0.000000
0.007813 0.000000
0.009766 0.000000
0.011719 0.000000
0.013672 0.000000
0.015625 0.000000
0.017578 0.000000
0.019531 0.000000
0.021484 0.000000
0.023438 0.000000
0.025391 0.000000
0.027344 0.000000
0.029297 0.000000
0.031250 0.000000
0.033203 0.000000
0.035156 0.000000
0.037109 0.000000
0.039063 0.000000
0.041016 0.000000
0.042969 0.000000
0.044922 0.000000
0.046875 0.000000
0.048828 0.000000
0.050781 0.000000
0.052734 0.000000
0.054688 0.000000
0.056641 0.000000
0.058594 0.000000
0.060547 0.000000
0.062500 0.000000
0.064453 0.000000
0.066406 0.000000
0.068359 0.000000
0.070313 0.000000
0.072266 0.000000
0.074219 0.000000
0.076172 0.000000
0.078125 0.000000
0.080078 0.000000
0.082031 0.000000
0.083984 0.000000
0.085938 0.000000
0.087891 0.000000
0.089844 0.000000
0.091797 0.000000
0.093750 0.000000
0.095703 0.000000
0.097656 0.000000
0.099609 0.000000
0.101563 0.000000
0.103516 0.000000
0.105469 0.000000
0.107422 0.000000
0.109375 0.000000
0.111328 0.000000
0.113281 0.000000
0.115234 0.000000
0.117188 0.000000
0.119141 0.000000
0.121094 0.000000
0.123047 0.000000
0.125000 0.000000
0.126953 0.000000
0.128906 0.000000
0.130859 0.000000
0.132813 0.000000
0.134766 0.000000
0.136719 0.000000
0.138672 0.000000
0.140625 0.000000
0.142578 0.000000
0.144531 0.000000
0.146484 0.000000
0.148438 0.000000
0.150391 0.000000
0.152344 0.000000
0.154297 0.000000
0.156250 0.000000
0.158203 0.000000
0.160156 0.000000
0.162109 0.000000
0.164063 0.000000
0.166016 0.000000
0.167969 0.000000
0.169922 0.000000
0.171875 0.000000
0.173828 0.000000
0.175781 0.000000
0.177734 0.000000
0.179688 0.000000
0.181641 0.000000
0.183594 0.000000
0.185547 0.000000
0.187500 0.000000
0.189453 0.000000
0.191406 0.000000
0.193359 0.000000
0.195313 0.135876
0.197266 0.125385
0.199219 0.059622
0.201172 0.042444
0.203125 0.073599
0.205078 0.143909
0.207031 0.168697
0.208984 0.201680
0.210938 0.258026
0.212891 0.270341
0.214844 0.250104
0.216797 0.314640
0.218750 0.322101
0.220703 0.317017
0.222656 0.312959
0.224609 0.252904
0.226563 0.160790
0.228516 0.058671
0.230469 0.027300
0.232422 -0.004504
0.234375 -0.061671
0.236328 -0.098340
0.238281 -0.076207
0.240234 -0.047866
0.242188 -0.045186
0.244141 -0.073508
0.246094 -0.048438
0.248047 -0.080980
0.250000 -0.119679
0.251953 -0.097940
0.253906 -0.045470
0.255859 -0.076806
0.257813 -0.032734
0.259766 0.055015
0.261719 0.077233
0.263672 0.103497
0.265625 0.128675
0.267578 0.136318
0.269531 0.124342
0.271484 0.125400
0.273438 0.144890
0.275391 0.103617
0.277344 0.059923
0.279297 -0.016030
0.281250 -0.075265
0.283203 -0.136723
0.285156 -0.099066
0.287109 -0.083854
0.289063 -0.039230
0.291016 0.010121
0.292969 -0.027919
0.294922 0.001099
0.296875 0.030524
0.298828 0.022491
0.300781 -0.002805
0.302734 -0.026685
0.304688 -0.126946
0.306641 -0.143007
0.308594 -0.182153
0.310547 -0.188271
0.312500 -0.220682
0.314453 -0.293463
0.316406 -0.372967
0.318359 -0.411721
0.320313 -0.434713
0.322266 -0.513244
0.324219 -0.611435
0.326172 -0.643630
0.328125 -0.672242
0.330078 -0.733933
0.332031 -0.764271
0.333984 -0.756583
0.335938 -0.798963
0.337891 -0.801633
0.339844 -0.782726
0.341797 -0.729767
0.343750 -0.734726
0.345703 -0.672470
0.347656 -0.603223
0.349609 -0.583542
0.351563 -0.524469
0.353516 -0.485160
0.355469 -0.458257
0.357422 -0.445268
0.359375 -0.396158
0.361328 -0.388200
0.363281 -0.311445
0.365234 -0.266399
0.367188 -0.229111
0.369141 -0.183878
0.371094 -0.161746
0.373047 -0.158829
0.375000 -0.143739
0.376953 -0.102351
0.378906 -0.023708
0.380859 0.035756
0.382813 0.093874
0.384766 0.078560
0.386719 0.089476
0.388672 0.112426
0.390625 0.123631
0.392578 0.176732
0.394531 0.216849
0.396484 0.191784
0.398438 0.168384
0.400391 0.157183
0.402344 0.161223
0.404297 0.240430
0.406250 0.295730
0.408203 0.353110
0.410156 0.341684
0.412109 0.373421
0.414063 0.408585
0.416016 0.368290
0.417969 0.361043
0.419922 0.391476
0.421875 0.400516
0.423828 0.391461
0.425781 0.430045
0.427734 0.473842
0.429688 0.490812
0.431641 0.497536
0.433594 0.517997
0.435547 0.492645
0.437500 0.456446
0.439453 0.408941
0.441406 0.437123
0.443359 0.402599
0.445313 0.387147
0.447266 0.345294
0.449219 0.299025
0.451172 0.271054
0.453125 0.251556
0.455078 0.215845
0.457031 0.170397
0.458984 0.227082
0.460938 0.276456
0.462891 0.216759
0.464844 0.200616
0.466797 0.170581
0.468750 0.161290
0.470703 0.120524
0.472656 0.158027
0.474609 0.096166
0.476563 0.056195
0.478516 0.052807
0.480469 0.096372
0.482422 0.094508
0.484375 0.089743
0.486328 0.066876
0.488281 0.083868
0.490234 0.091232
0.492188 0.092525
0.494141 0.072568
0.496094 0.133705
0.498047 0.172536
0.500000 0.158608
0.501953 0.058619
0.503906 -0.055388
0.505859 -0.142756
0.507813 -0.240418
0.509766 -0.387869
0.511719 -0.520404
0.513672 -0.611473
0.515625 -0.611513
0.517578 -0.565363
0.519531 -0.526449
0.521484 -0.433799
0.523438 -0.343569
0.525391 -0.328606
0.527344 -0.325621
0.529297 -0.330247
0.531250 -0.301802
0.533203 -0.257022
0.535156 -0.150481
0.537109 -0.037804
0.539063 0.055098
0.541016 0.062443
0.542969 0.048574
0.544922 0.033254
0.546875 -0.005483
0.548828 -0.052810
0.550781 -0.031275
0.552734 -0.049150
0.554688 -0.090846
0.556641 -0.150867
0.558594 -0.188300
0.560547 -0.211405
0.562500 -0.176490
0.564453 -0.151135
0.566406 -0.077795
0.568359 -0.065590
0.570313 -0.039214
0.572266 -0.047609
0.574219 -0.105517
0.576172 -0.087660
0.578125 -0.058417
0.580078 -0.043212
0.582031 -0.042960
0.583984 -0.058748
0.585938 -0.073508
0.587891 -0.059873
0.589844 -0.094789
0.591797 -0.169925
0.593750 -0.229484
0.595703 -0.246559
0.597656 -0.204128
0.599609 -0.232100
0.601563 -0.262456
0.603516 -0.301507
0.605469 -0.310488
0.607422 -0.281747
0.609375 -0.244953
0.611328 -0.223896
0.613281 -0.155751
0.615234 -0.148889
0.617188 -0.136030
0.619141 -0.146538
0.621094 -0.075992
0.623047 0.028288
0.625000 0.082232
0.626953 0.053273
0.628906 0.025000
0.630859 -0.001495
0.632813 0.020947
0.634766 0.025017
0.636719 0.099780
0.638672 0.138833
0.640625 0.178884
0.642578 0.127393
0.644531 0.136983
0.646484 0.069352
0.648438 -0.021828
0.650391 -0.058431
0.652344 -0.112374
0.654297 -0.142831
0.656250 -0.152118
0.658203 -0.199059
0.660156 -0.160937
0.662109 -0.173698
0.664063 -0.139915
0.666016 -0.071543
0.667969 0.044069
0.669922 0.139349
0.671875 0.264618
0.673828 0.396001
0.675781 0.488410
0.677734 0.524558
0.679688 0.524714
0.681641 0.538640
0.683594 0.464526
0.685547 0.405065
0.687500 0.407668
0.689453 0.364023
0.691406 0.326528
0.693359 0.287601
0.695313 0.382800
0.697266 0.410815
0.699219 0.437354
0.701172 0.425381
0.703125 0.331441
0.705078 0.266816
0.707031 0.197672
0.708984 0.155234
0.710938 0.102407
0.712891 0.067000
0.714844 0.065121
0.716797 0.059761
0.718750 0.023568
0.720703 -0.035424
0.722656 -0.088004
0.724609 -0.150453
0.726563 -0.142709
0.728516 -0.176636
0.730469 -0.204578
0.732422 -0.242563
0.734375 -0.337559
0.736328 -0.402088
0.738281 -0.417708
0.740234 -0.365151
0.742188 -0.295893
0.744141 -0.241705
0.746094 -0.190981
0.748047 -0.083858
0.750000 -0.100105
0.751953 -0.074499
0.753906 -0.039899
0.755859 0.003009
0.757813 0.028344
0.759766 0.105868
0.761719 0.137642
0.763672 0.173263
0.765625 0.203047
0.767578 0.206403
0.769531 0.207495
0.771484 0.254137
0.773438 0.216391
0.775391 0.225476
0.777344 0.199254
0.779297 0.186159
0.781250 0.174568
0.783203 0.146034
0.785156 0.172649
0.787109 0.193495
0.789063 0.206871
0.791016 0.171755
0.792969 0.186851
0.794922 0.194272
0.796875 0.170187
0.798828 0.211856
0.800781 0.187774
0.802734 0.218251
0.804688 0.215129
0.806641 0.192477
0.808594 0.159212
0.810547 0.103322
0.812500 0.108308
0.814453 0.113630
0.816406 0.060548
0.818359 0.022397
0.820313 0.031155
0.822266 0.083718
0.824219 0.161665
0.826172 0.158902
0.828125 0.184952
0.830078 0.233877
0.832031 0.265635
0.833984 0.336607
0.835938 0.423991
0.837891 0.520453
0.839844 0.514025
0.841797 0.530685
0.843750 0.613836
0.845703 0.696055
0.847656 0.709882
0.849609 0.677750
0.851563 0.582389
0.853516 0.506734
0.855469 0.469665
0.857422 0.382034
0.859375 0.245930
0.861328 0.148013
0.863281 0.107568
0.865234 0.071171
0.867188 -0.005764
0.869141 -0.111548
0.871094 -0.179564
0.873047 -0.313694
0.875000 -0.358583
0.876953 -0.335660
0.878906 -0.273322
0.880859 -0.216593
0.882813 -0.181529
0.884766 -0.066792
0.886719 0.015081
0.888672 0.049700
0.890625 0.054169
0.892578 0.034237
0.894531 0.074533
0.896484 0.078319
0.898438 0.023680
0.900391 0.005395
0.902344 0.004867
0.904297 0.019604
0.906250 0.044831
0.908203 0.095557
0.910156 0.110582
0.912109 0.121551
0.914063 0.124656
0.916016 0.170664
0.917969 0.190800
0.919922 0.209182
0.921875 0.167843
0.923828 0.138831
0.925781 0.156996
0.927734 0.233353
0.929688 0.347030
0.931641 0.375687
0.933594 0.382218
0.935547 0.397678
0.937500 0.414487
0.939453 0.457715
0.941406 0.480514
0.943359 0.538928
0.945313 0.495143
0.947266 0.511301
0.949219 0.478405
0.951172 0.399630
0.953125 0.326579
0.955078 0.267946
0.957031 0.233535
0.958984 0.225226
0.960938 0.270911
0.962891 0.279512
0.964844 0.209621
0.966797 0.082823
0.968750 -0.034631
0.970703 -0.036851
0.972656 -0.024646
0.974609 0.004216
0.976563 -0.000872
0.978516 0.066550
0.980469 0.112460
0.982422 0.134378
0.984375 0.151513
0.986328 0.172880
0.988281 0.241763
0.990234 0.216749
0.992188 0.196984
0.994141 0.160242
0.996094 0.147012
0.998047 0.071379
1.000000 0.061875
1.001953 0.046895
1.003906 0.184715
1.005859 0.309663
1.007813 0.362412
1.009766 0.397891
1.011719 0.399606
1.013672 0.447345
1.015625 0.482793
1.017578 0.514019
1.019531 0.510276
1.021484 0.465305
1.023438 0.486821
1.025391 0.483750
1.027344 0.507203
1.029297 0.478273
1.031250 0.462230
1.033203 0.436965
1.035156 0.460534
1.037109 0.486235
1.039063 0.494586
1.041016 0.499770
1.042969 0.446597
1.044922 0.445845
1.046875 0.380505
1.048828 0.335681
1.050781 0.268946
1.052734 0.206498
1.054688 0.188544
1.056641 0.199186
1.058594 0.224269
1.060547 0.244750
1.062500 0.169306
1.064453 0.095583
1.066406 0.007911
1.068359 -0.007266
1.070313 0.034294
1.072266 0.051502
1.074219 0.004259
1.076172 -0.105981
1.078125 -0.236317
1.080078 -0.317340
1.082031 -0.380083
1.083984 -0.399110
1.085938 -0.430718
1.087891 -0.519863
1.089844 -0.494040
1.091797 -0.404056
1.093750 -0.272505
1.095703 -0.191507
1.097656 -0.119882
1.099609 -0.118361
1.101563 -0.097604
1.103516 -0.083255
1.105469 -0.035969
1.107422 -0.038168
1.109375 -0.070642
1.111328 -0.093341
1.113281 -0.066201
1.115234 -0.009203
1.117188 -0.012140
1.119141 -0.009497
1.121094 -0.082907
1.123047 -0.159526
1.125000 -0.258647
1.126953 -0.264287
1.128906 -0.254667
1.130859 -0.179719
1.132813 -0.205206
1.134766 -0.167576
1.136719 -0.151496
1.138672 -0.094828
1.140625 -0.082578
1.142578 -0.008527
1.144531 0.050232
1.146484 0.055529
1.148438 0.056096
1.150391 0.048788
1.152344 0.051113
1.154297 0.025527
1.156250 -0.067638
1.158203 -0.116024
1.160156 -0.153392
1.162109 -0.156946
1.164063 -0.150960
1.166016 -0.095943
1.167969 -0.045396
1.169922 -0.017596
1.171875 -0.046996
1.173828 -0.027457
1.175781 -0.027977
1.177734 -0.064372
1.179688 -0.179460
1.181641 -0.226200
1.183594 -0.307949
1.185547 -0.382645
1.187500 -0.426977
1.189453 -0.458026
1.191406 -0.457327
1.193359 -0.419051
1.195313 -0.369326
1.197266 -0.294573
1.199219 -0.213600
1.201172 -0.141815
1.203125 -0.077140
1.205078 -0.050565
1.207031 0.029487
1.208984 0.083143
1.210938 0.160690
1.212891 0.219819
1.214844 0.241114
1.216797 0.262748
1.218750 0.280422
1.220703 0.324927
1.222656 0.327721
1.224609 0.330452
1.226563 0.339097
1.228516 0.353312
1.230469 0.360344
1.232422 0.324731
1.234375 0.254586
1.236328 0.241450
1.238281 0.312660
1.240234 0.359115
1.242188 0.392960
1.244141 0.477895
1.246094 0.551983
1.248047 0.542646
1.250000 0.460516
1.251953 0.422291
1.253906 0.367402
1.255859 0.311974
1.257813 0.272799
1.259766 0.184782
1.261719 0.127351
1.263672 0.070847
1.265625 -0.012939
1.267578 -0.055996
1.269531 -0.075803
1.271484 -0.169408
1.273438 -0.256866
1.275391 -0.329535
1.277344 -0.345136
1.279297 -0.335066
1.281250 -0.321243
1.283203 -0.342416
1.285156 -0.350829
1.287109 -0.280403
1.289063 -0.184138
1.291016 -0.080352
1.292969 0.034673
1.294922 0.050511
1.296875 0.017948
1.298828 0.003737
1.300781 -0.025779
1.302734 0.000452
1.304688 -0.004647
1.306641 0.060840
1.308594 0.141426
1.310547 0.181542
1.312500 0.200248
1.314453 0.090502
1.316406 0.065264
1.318359 0.082695
1.320313 0.048871
1.322266 0.017458
1.324219 0.009197
1.326172 0.025758
1.328125 0.026580
1.330078 -0.015426
1.332031 -0.043335
1.333984 -0.055308
1.335938 -0.038459
1.337891 0.018320
1.339844 0.056874
1.341797 0.113475
1.343750 0.134597
1.345703 0.068913
1.347656 0.094080
1.349609 0.178047
1.351563 0.183812
1.353516 0.135620
1.355469 0.125341
1.357422 0.141983
1.359375 0.146462
1.361328 0.155316
1.363281 0.181171
1.365234 0.185738
1.367188 0.207633
1.369141 0.181032
1.371094 0.138562
1.373047 0.124173
1.375000 0.061763
1.376953 -0.031041
1.378906 -0.094924
1.380859 -0.168981
1.382813 -0.203780
1.384766 -0.203692
1.386719 -0.160445
1.388672 -0.100805
1.390625 -0.062395
1.392578 0.015090
1.394531 0.038533
1.396484 0.098671
1.398438 0.176168
1.400391 0.200789
1.402344 0.249852
1.404297 0.252940
1.406250 0.284975
1.408203 0.278711
1.410156 0.260126
1.412109 0.253105
1.414063 0.249644
1.416016 0.244596
1.417969 0.219757
1.419922 0.208820
1.421875 0.178711
1.423828 0.061100
1.425781 -0.085919
1.427734 -0.212062
1.429688 -0.258913
1.431641 -0.298651
1.433594 -0.314332
1.435547 -0.319004
1.437500 -0.269163
1.439453 -0.209763
1.441406 -0.185517
1.443359 -0.142768
1.445313 -0.106818
1.447266 -0.086673
1.449219 -0.055214
1.451172 -0.063049
1.453125 -0.090921
1.455078 -0.061270
1.457031 -0.069478
1.458984 -0.104223
1.460938 -0.085553
1.462891 -0.099414
1.464844 -0.203499
1.466797 -0.296194
1.468750 -0.285511
1.470703 -0.262262
1.472656 -0.244733
1.474609 -0.255682
1.476563 -0.221851
1.478516 -0.157506
1.480469 -0.095633
1.482422 -0.009459
1.484375 0.068201
1.486328 0.110819
1.488281 0.129232
1.490234 0.189234
1.492188 0.148243
1.494141 0.029647
1.496094 -0.057885
1.498047 -0.129599
1.500000 -0.167369
1.501953 -0.244344
1.503906 -0.291506
1.505859 -0.255842
1.507813 -0.222357
1.509766 -0.242176
1.511719 -0.282851
1.513672 -0.313578
1.515625 -0.335705
1.517578 -0.325723
1.519531 -0.287344
1.521484 -0.236531
1.523438 -0.186051
1.525391 -0.159094
1.527344 -0.150617
1.529297 -0.102251
1.531250 -0.030236
1.533203 -0.007887
1.535156 -0.007726
1.537109 0.020209
1.539063 0.027292
1.541016 0.062096
1.542969 0.097834
1.544922 0.116801
1.546875 0.156293
1.548828 0.097110
1.550781 0.052819
1.552734 -0.067724
1.554688 -0.134680
1.556641 -0.175679
1.558594 -0.219449
1.560547 -0.282548
1.562500 -0.290128
1.564453 -0.267494
1.566406 -0.317507
1.568359 -0.311520
1.570313 -0.311687
1.572266 -0.358917
1.574219 -0.336638
1.576172 -0.341072
1.578125 -0.282845
1.580078 -0.337748
1.582031 -0.334681
1.583984 -0.311360
1.585938 -0.276454
1.587891 -0.327165
1.589844 -0.365912
1.591797 -0.363808
1.593750 -0.267623
1.595703 -0.199870
1.597656 -0.131257
1.599609 -0.030522
1.601563 -0.018229
1.603516 -0.083802
1.605469 -0.137820
1.607422 -0.228957
1.609375 -0.298972
1.611328 -0.364444
1.613281 -0.377208
1.615234 -0.372658
1.617188 -0.333634
1.619141 -0.304667
1.621094 -0.239231
1.623047 -0.180452
1.625000 -0.143159
1.626953 -0.125946
1.628906 -0.100522
1.630859 -0.105157
1.632813 -0.088279
1.634766 -0.062457
1.636719 -0.068594
1.638672 -0.131798
1.640625 -0.148364
1.642578 -0.164114
1.644531 -0.193719
1.646484 -0.187805
1.648438 -0.176897
1.650391 -0.155213
1.652344 -0.150449
1.654297 -0.191964
1.656250 -0.186112
1.658203 -0.143354
1.660156 -0.082204
1.662109 -0.025903
1.664063 0.006409
1.666016 0.130560
1.667969 0.202020
1.669922 0.179298
1.671875 0.139434
1.673828 0.127070
1.675781 0.158809
1.677734 0.102972
1.679688 0.044928
1.681641 -0.009834
1.683594 -0.087258
1.685547 -0.218603
1.687500 -0.265662
1.689453 -0.242622
1.691406 -0.181026
1.693359 -0.164170
1.695313 -0.194186
1.697266 -0.208084
1.699219 -0.236770
1.701172 -0.282758
1.703125 -0.327587
1.705078 -0.394498
1.707031 -0.392419
1.708984 -0.371470
1.710938 -0.341473
1.712891 -0.334908
1.714844 -0.376612
1.716797 -0.409884
1.718750 -0.388431
1.720703 -0.334987
1.722656 -0.266274
1.724609 -0.157313
1.726563 -0.178331
1.728516 -0.146034
1.730469 -0.097794
1.732422 -0.032439
1.734375 0.003562
1.736328 -0.024879
1.738281 -0.066329
1.740234 -0.005571
1.742188 -0.006588
1.744141 -0.024146
1.746094 -0.034771
1.748047 -0.072553
1.750000 -0.178862
1.751953 -0.256814
1.753906 -0.335655
1.755859 -0.336886
1.757813 -0.334637
1.759766 -0.319430
1.761719 -0.281179
1.763672 -0.216838
1.765625 -0.211011
1.767578 -0.249633
1.769531 -0.218346
1.771484 -0.240734
1.773438 -0.327391
1.775391 -0.451780
1.777344 -0.558911
1.779297 -0.591826
1.781250 -0.518331
1.783203 -0.493740
1.785156 -0.446577
1.787109 -0.409477
1.789063 -0.346418
1.791016 -0.291618
1.792969 -0.252863
1.794922 -0.242017
1.796875 -0.238544
1.798828 -0.243184
1.800781 -0.267062
1.802734 -0.218659
1.804688 -0.145018
1.806641 -0.104459
1.808594 -0.090515
1.810547 -0.046822
1.812500 -0.018737
1.814453 0.002345
1.816406 0.009084
1.818359 -0.019831
1.820313 0.025327
1.822266 0.011633
1.824219 -0.001078
1.826172 -0.047422
1.828125 -0.141955
1.830078 -0.150999
1.832031 -0.206669
1.833984 -0.267248
1.835938 -0.227879
1.837891 -0.194057
1.839844 -0.177129
1.841797 -0.122121
1.843750 -0.099433
1.845703 -0.121442
1.847656 -0.144576
1.849609 -0.162257
1.851563 -0.175534
1.853516 -0.181154
1.855469 -0.173848
1.857422 -0.166785
1.859375 -0.157386
1.861328 -0.080284
1.863281 -0.016653
1.865234 -0.028967
1.867188 -0.072237
1.869141 -0.198211
1.871094 -0.253929
1.873047 -0.330128
1.875000 -0.346090
1.876953 -0.370466
1.878906 -0.378644
1.880859 -0.315592
1.882813 -0.244147
1.884766 -0.191439
1.886719 -0.146353
1.888672 -0.192303
1.890625 -0.157203
1.892578 -0.138815
1.894531 -0.084043
1.896484 -0.006711
1.898438 0.012993
1.900391 0.055978
1.902344 0.158660
1.904297 0.187305
1.906250 0.154699
1.908203 0.068245
1.910156 -0.021410
1.912109 -0.078271
1.914063 -0.097910
1.916016 0.025213
1.917969 0.136134
1.919922 0.165737
1.921875 0.149146
1.923828 0.131594
1.925781 0.160999
1.927734 0.096595
1.929688 0.056748
1.931641 0.022808
1.933594 -0.005237
1.935547 -0.061540
1.937500 -0.129543
1.939453 -0.144799
1.941406 -0.158712
1.943359 -0.108986
1.945313 -0.117937
1.947266 -0.036451
1.949219 0.020131
1.951172 0.054714
1.953125 0.040425
1.955078 0.020497
1.957031 0.027137
1.958984 0.094312
1.960938 0.132933
1.962891 0.126194
1.964844 0.159564
1.966797 0.129607
1.968750 0.164014
1.970703 0.193271
1.972656 0.150212
1.974609 0.042282
1.976563 -0.010194
1.978516 -0.047469
1.980469 -0.086737
1.982422 -0.144652
1.984375 -0.251043
1.986328 -0.370842
1.988281 -0.374863
1.990234 -0.364015
1.992188 -0.287279
1.994141 -0.200515
1.996094 -0.143469
1.998047 -0.047542
2.000000 0.022765
2.001953 -0.005682
2.003906 0.000268
2.005859 -0.047950
2.007813 -0.114079
2.009766 -0.100285
2.011719 -0.093650
2.013672 -0.123879
2.015625 -0.216804
2.017578 -0.301201
2.019531 -0.363376
2.021484 -0.412731
2.023438 -0.404009
2.025391 -0.373663
2.027344 -0.321190
2.029297 -0.239230
2.031250 -0.164305
2.033203 -0.061264
2.035156 0.006884
2.037109 0.036050
2.039063 0.101285
2.041016 0.100721
2.042969 0.178954
2.044922 0.259078
2.046875 0.278395
2.048828 0.311848
2.050781 0.261181
2.052734 0.223445
2.054688 0.080579
2.056641 -0.024917
2.058594 -0.044260
2.060547 -0.142851
2.062500 -0.206796
2.064453 -0.289591
2.066406 -0.341047
2.068359 -0.323024
2.070313 -0.294385
2.072266 -0.256860
2.074219 -0.223673
2.076172 -0.187018
2.078125 -0.156815
2.080078 -0.130516
2.082031 -0.138129
2.083984 -0.077310
2.085938 -0.040869
2.087891 -0.086116
2.089844 -0.143757
2.091797 -0.141232
2.093750 -0.199654
2.095703 -0.241164
2.097656 -0.301823
2.099609 -0.310788
2.101563 -0.301035
2.103516 -0.302599
2.105469 -0.240694
2.107422 -0.209224
2.109375 -0.203165
2.111328 -0.115478
2.113281 -0.051757
2.115234 0.037948
2.117188 0.038398
2.119141 0.035865
2.121094 0.041288
2.123047 0.035843
2.125000 0.062810
2.126953 0.080881
2.128906 0.093994
2.130859 0.101935
2.132813 0.142053
2.134766 0.146381
2.136719 0.123544
2.138672 0.110561
2.140625 0.067463
2.142578 0.037789
2.144531 -0.041737
2.146484 -0.125079
2.148438 -0.155927
2.150391 -0.101097
2.152344 -0.073445
2.154297 -0.073968
2.156250 -0.072728
2.158203 -0.115894
2.160156 -0.187518
2.162109 -0.281143
2.164063 -0.334837
2.166016 -0.355442
2.167969 -0.476163
2.169922 -0.569602
2.171875 -0.629585
2.173828 -0.668803
2.175781 -0.707518
2.177734 -0.715737
2.179688 -0.740861
2.181641 -0.709402
2.183594 -0.601612
2.185547 -0.538315
2.187500 -0.456404
2.189453 -0.377317
2.191406 -0.304220
2.193359 -0.217026
2.195313 -0.120381
2.197266 -0.095826
2.199219 -0.059142
2.201172 0.067685
2.203125 0.186308
2.205078 0.247812
2.207031 0.240869
2.208984 0.248560
2.210938 0.282591
2.212891 0.336773
2.214844 0.362642
2.216797 0.342541
2.218750 0.324342
2.220703 0.316946
2.222656 0.237857
2.224609 0.219924
2.226563 0.204350
2.228516 0.154454
2.230469 0.104157
2.232422 0.084965
2.234375 -0.008838
2.236328 -0.001835
2.238281 0.033326
2.240234 0.038616
2.242188 0.115769
2.244141 0.059477
2.246094 0.038581
2.248047 0.059052
2.250000 0.028513
2.251953 -0.002096
2.253906 -0.074400
2.255859 -0.056960
2.257813 0.055588
2.259766 0.103960
2.261719 0.169780
2.263672 0.214924
2.265625 0.166702
2.267578 0.140454
2.269531 0.081836
2.271484 0.029389
2.273438 -0.049997
2.275391 -0.080717
2.277344 -0.090746
2.279297 -0.173348
2.281250 -0.197597
2.283203 -0.193001
2.285156 -0.200439
2.287109 -0.170670
2.289063 -0.154419
2.291016 -0.182947
2.292969 -0.165372
2.294922 -0.259503
2.296875 -0.335502
2.298828 -0.410543
2.300781 -0.534657
2.302734 -0.626812
2.304688 -0.643822
2.306641 -0.616262
2.308594 -0.598475
2.310547 -0.601523
2.312500 -0.446817
2.314453 -0.384339
2.316406 -0.283321
2.318359 -0.149044
2.320313 -0.059824
2.322266 0.002766
2.324219 0.101732
2.326172 0.173617
2.328125 0.215377
2.330078 0.226313
2.332031 0.230267
2.333984 0.261750
2.335938 0.245766
2.337891 0.185178
2.339844 0.171196
2.341797 0.096582
2.343750 0.077198
2.345703 0.012666
2.347656 -0.098871
2.349609 -0.179174
2.351563 -0.243757
2.353516 -0.307193
2.355469 -0.403147
2.357422 -0.427190
2.359375 -0.466553
2.361328 -0.385760
2.363281 -0.310367
2.365234 -0.262670
2.367188 -0.189481
2.369141 -0.202406
2.371094 -0.239907
2.373047 -0.344251
2.375000 -0.386331
2.376953 -0.398382
2.378906 -0.373744
2.380859 -0.353511
2.382813 -0.339596
2.384766 -0.283674
2.386719 -0.229405
2.388672 -0.174287
2.390625 -0.132081
2.392578 -0.047002
2.394531 -0.003032
2.396484 0.065975
2.398438 0.103884
2.400391 0.103446
2.402344 0.139532
2.404297 0.243210
2.406250 0.228993
2.408203 0.177144
2.410156 0.171250
2.412109 0.200460
2.414063 0.157752
2.416016 0.120925
2.417969 0.087645
2.419922 0.072696
2.421875 0.065183
2.423828 0.043372
2.425781 -0.045823
2.427734 -0.063469
2.429688 -0.075691
2.431641 -0.028996
2.433594 0.064049
2.435547 0.153834
2.437500 0.186743
2.439453 0.208695
2.441406 0.285985
2.443359 0.295127
2.445313 0.267439
2.447266 0.227032
2.449219 0.103144
2.451172 0.006866
2.453125 -0.040921
2.455078 -0.007914
2.457031 0.071025
2.458984 0.140293
2.460938 0.091721
2.462891 0.040189
2.464844 -0.006999
2.466797 -0.076732
2.468750 -0.061888
2.470703 -0.024345
2.472656 0.038668
2.474609 0.080048
2.476563 0.137798
2.478516 0.119033
2.480469 0.072821
2.482422 0.036759
2.484375 0.015081
2.486328 0.055250
2.488281 0.023414
2.490234 -0.109011
2.492188 -0.202642
2.494141 -0.229737
2.496094 -0.215168
2.498047 -0.190697
2.500000 -0.168696
2.501953 -0.114625
2.503906 -0.106578
2.505859 -0.105429
2.507813 -0.098672
2.509766 -0.041101
2.511719 -0.021141
2.513672 -0.057638
2.515625 -0.083580
2.517578 -0.195182
2.519531 -0.269223
2.521484 -0.249530
2.523438 -0.301932
2.525391 -0.300351
2.527344 -0.234879
2.529297 -0.213791
2.531250 -0.229544
2.533203 -0.304525
2.535156 -0.393896
2.537109 -0.483464
2.539063 -0.530632
2.541016 -0.534259
2.542969 -0.513353
2.544922 -0.563192
2.546875 -0.569466
2.548828 -0.553355
2.550781 -0.533683
2.552734 -0.526336
2.554688 -0.486956
2.556641 -0.441852
2.558594 -0.461631
2.560547 -0.422265
2.562500 -0.407251
2.564453 -0.378823
2.566406 -0.343870
2.568359 -0.337901
2.570313 -0.316426
2.572266 -0.328134
2.574219 -0.298664
2.576172 -0.275974
2.578125 -0.252911
2.580078 -0.256520
2.582031 -0.264621
2.583984 -0.278800
2.585938 -0.314318
2.587891 -0.385531
2.589844 -0.407353
2.591797 -0.331704
2.593750 -0.306553
2.595703 -0.265729
2.597656 -0.254093
2.599609 -0.248617
2.601563 -0.268182
2.603516 -0.294960
2.605469 -0.332117
2.607422 -0.351264
2.609375 -0.366756
2.611328 -0.369931
2.613281 -0.348441
2.615234 -0.374456
2.617188 -0.317302
2.619141 -0.226771
2.621094 -0.194428
2.623047 -0.111237
2.625000 -0.092843
2.626953 -0.066007
2.628906 -0.050370
2.630859 -0.049775
2.632813 -0.080194
2.634766 -0.111085
2.636719 -0.084798
2.638672 -0.019451
2.640625 0.048641
2.642578 0.099271
2.644531 0.135829
2.646484 0.186862
2.648438 0.215729
2.650391 0.185618
2.652344 0.107318
2.654297 -0.026484
2.656250 -0.136533
2.658203 -0.286454
2.660156 -0.354162
2.662109 -0.436990
2.664063 -0.498861
2.666016 -0.570010
2.667969 -0.534162
2.669922 -0.494849
2.671875 -0.438476
2.673828 -0.358549
2.675781 -0.310492
2.677734 -0.260244
2.679688 -0.171832
2.681641 -0.146024
2.683594 -0.167410
2.685547 -0.139693
2.687500 -0.145724
2.689453 -0.154275
2.691406 -0.150854
2.693359 -0.100356
2.695313 -0.020214
2.697266 0.005035
2.699219 0.019812
2.701172 0.097988
2.703125 0.151551
2.705078 0.195235
2.707031 0.191663
2.708984 0.179035
2.710938 0.188716
2.712891 0.042821
2.714844 0.017166
2.716797 0.034491
2.718750 -0.006811
2.720703 -0.044135
2.722656 -0.080620
2.724609 -0.157986
2.726563 -0.225264
2.728516 -0.336344
2.730469 -0.383606
2.732422 -0.423451
2.734375 -0.484826
2.736328 -0.531085
2.738281 -0.538100
2.740234 -0.479302
2.742188 -0.412341
2.744141 -0.400831
2.746094 -0.372558
2.748047 -0.369632
2.750000 -0.322728
2.751953 -0.278631
2.753906 -0.173812
2.755859 -0.098445
2.757813 -0.089280
2.759766 -0.073607
2.761719 -0.044891
2.763672 -0.003355
2.765625 0.038169
2.767578 0.047144
2.769531 0.007369
2.771484 -0.084730
2.773438 -0.145552
2.775391 -0.182544
2.777344 -0.225782
2.779297 -0.326845
2.781250 -0.311674
2.783203 -0.260065
2.785156 -0.231275
2.787109 -0.189054
2.789063 -0.201182
2.791016 -0.208860
2.792969 -0.187914
2.794922 -0.194483
2.796875 -0.240763
2.798828 -0.275657
2.800781 -0.315566
2.802734 -0.322099
2.804688 -0.290171
2.806641 -0.292857
2.808594 -0.263413
2.810547 -0.234688
2.812500 -0.243060
2.814453 -0.222855
2.816406 -0.235429
2.818359 -0.281789
2.820313 -0.263885
2.822266 -0.234583
2.824219 -0.192728
2.826172 -0.119232
2.828125 -0.040787
2.830078 -0.034069
2.832031 -0.018959
2.833984 -0.034726
2.835938 0.007732
2.837891 -0.044330
2.839844 -0.078067
2.841797 -0.100359
2.843750 -0.122523
2.845703 -0.119537
2.847656 -0.125047
2.849609 -0.096265
2.851563 -0.143334
2.853516 -0.197632
2.855469 -0.205507
2.857422 -0.200013
2.859375 -0.172087
2.861328 -0.170141
2.863281 -0.242481
2.865234 -0.250782
2.867188 -0.262016
2.869141 -0.240623
2.871094 -0.154885
2.873047 -0.021624
2.875000 0.111434
2.876953 0.269512
2.878906 0.373737
2.880859 0.407687
2.882813 0.390770
2.884766 0.363107
2.886719 0.272615
2.888672 0.167915
2.890625 0.132735
2.892578 0.151133
2.894531 0.170155
2.896484 0.199977
2.898438 0.234646
2.900391 0.277011
2.902344 0.274991
2.904297 0.249716
2.906250 0.197097
2.908203 0.157154
2.910156 0.207294
2.912109 0.230748
2.914063 0.187855
2.916016 0.167048
2.917969 0.151215
2.919922 0.121929
2.921875 0.084325
2.923828 0.027717
2.925781 -0.040445
2.927734 -0.015243
2.929688 0.071378
2.931641 0.182217
2.933594 0.233620
2.935547 0.289799
2.937500 0.351462
2.939453 0.387749
2.941406 0.437007
2.943359 0.435996
2.945313 0.393313
2.947266 0.350931
2.949219 0.315093
2.951172 0.175852
2.953125 0.113765
2.955078 0.043666
2.957031 -0.016992
2.958984 -0.081509
2.960938 -0.097228
2.962891 -0.096496
2.964844 -0.062577
2.966797 -0.049743
2.968750 -0.081873
2.970703 -0.023010
2.972656 -0.019809
2.974609 0.039499
2.976563 0.094339
2.978516 0.032007
2.980469 0.011090
2.982422 0.009906
2.984375 -0.016951
2.986328 -0.065786
2.988281 -0.155967
2.990234 -0.238813
2.992188 -0.308457
2.994141 -0.364197
2.996094 -0.333077
2.998047 -0.347164
3.000000 -0.280071
3.001953 -0.231828
3.003906 -0.220762
3.005859 -0.185475
3.007813 -0.166509
3.009766 -0.074250
3.011719 0.011490
3.013672 0.123594
3.015625 0.156915
3.017578 0.196177
3.019531 0.261133
3.021484 0.256118
3.023438 0.227436
3.025391 0.180482
3.027344 0.185259
3.029297 0.250358
3.031250 0.253209
3.033203 0.193248
3.035156 0.136413
3.037109 0.115434
3.039063 0.130906
3.041016 0.137058
3.042969 0.141016
3.044922 0.107797
3.046875 0.076946
3.048828 0.056698
3.050781 -0.033572
3.052734 -0.081156
3.054688 -0.124003
3.056641 -0.143834
3.058594 -0.161265
3.060547 -0.099580
3.062500 -0.020490
3.064453 0.059618
3.066406 0.122228
3.068359 0.154447
3.070313 0.114211
3.072266 0.201343
3.074219 0.165438
3.076172 0.095618
3.078125 0.016686
3.080078 -0.083024
3.082031 -0.139221
3.083984 -0.167420
3.085938 -0.160365
3.087891 -0.135713
3.089844 -0.106814
3.091797 -0.081507
3.093750 -0.010601
3.095703 0.051587
3.097656 0.151689
3.099609 0.195237
3.101563 0.226921
3.103516 0.314918
3.105469 0.323137
3.107422 0.323684
3.109375 0.304603
3.111328 0.236258
3.113281 0.194963
3.115234 0.143245
3.117188 0.137720
3.119141 0.117885
3.121094 0.067337
3.123047 0.004896
3.125000 -0.053159
3.126953 -0.002775
3.128906 0.089229
3.130859 0.169044
3.132813 0.210831
3.134766 0.188020
3.136719 0.160973
3.138672 0.086966
3.140625 -0.007548
3.142578 -0.072394
3.144531 -0.128952
3.146484 -0.110223
3.148438 -0.076318
3.150391 -0.060346
3.152344 0.009900
3.154297 0.064602
3.156250 0.018549
3.158203 0.015999
3.160156 0.013683
3.162109 0.004811
3.164063 -0.025690
3.166016 -0.019469
3.167969 -0.036908
3.169922 -0.024185
3.171875 0.036377
3.173828 0.053426
3.175781 -0.013545
3.177734 0.004437
3.179688 0.012950
3.181641 -0.014415
3.183594 -0.170404
3.185547 -0.317902
3.187500 -0.457151
3.189453 -0.505315
3.191406 -0.394330
3.193359 -0.279643
3.195313 -0.170175
3.197266 -0.124319
3.199219 -0.068497
3.201172 -0.082420
3.203125 -0.010644
3.205078 0.125942
3.207031 0.216292
3.208984 0.232601
3.210938 0.171895
3.212891 0.123844
3.214844 0.144404
3.216797 0.165200
3.218750 0.091496
3.220703 0.030123
3.222656 0.019760
3.224609 0.093592
3.226563 0.151645
3.228516 0.198617
3.230469 0.142946
3.232422 0.036433
3.234375 -0.023119
3.236328 -0.019438
3.238281 -0.061816
3.240234 -0.081396
3.242188 -0.088901
3.244141 -0.121384
3.246094 -0.135145
3.248047 -0.170820
3.250000 -0.163569
3.251953 -0.115617
3.253906 -0.005832
3.255859 0.103917
3.257813 0.150015
3.259766 0.154671
3.261719 0.178338
3.263672 0.178876
3.265625 0.146349
3.267578 0.114137
3.269531 0.055808
3.271484 0.013186
3.273438 0.022474
3.275391 0.085258
3.277344 0.157005
3.279297 0.164034
3.281250 0.088443
3.283203 0.025406
3.285156 0.020533
3.287109 0.035206
3.289063 -0.008073
3.291016 -0.029419
3.292969 -0.001889
3.294922 0.012639
3.296875 0.039898
3.298828 0.160068
3.300781 0.240831
3.302734 0.298193
3.304688 0.335322
3.306641 0.273350
3.308594 0.205765
3.310547 0.188893
3.312500 0.150903
3.314453 0.074063
3.316406 0.006658
3.318359 -0.077009
3.320313 -0.145887
3.322266 -0.204767
3.324219 -0.229303
3.326172 -0.216549
3.328125 -0.200121
3.330078 -0.218767
3.332031 -0.181567
3.333984 -0.092007
3.335938 0.000806
3.337891 0.095222
3.339844 0.150690
3.341797 0.215254
3.343750 0.203641
3.345703 0.235143
3.347656 0.239877
3.349609 0.224572
3.351563 0.211522
3.353516 0.210178
3.355469 0.209493
3.357422 0.226376
3.359375 0.193436
3.361328 0.188497
3.363281 0.167473
3.365234 0.123361
3.367188 0.141234
3.369141 0.074034
3.371094 -0.006707
3.373047 -0.044895
3.375000 -0.064427
3.376953 -0.117927
3.378906 -0.121866
3.380859 -0.148547
3.382813 -0.146768
3.384766 -0.108376
3.386719 -0.059875
3.388672 -0.030550
3.390625 0.038788
3.392578 0.062579
3.394531 0.108001
3.396484 0.142333
3.398438 0.186002
3.400391 0.197386
3.402344 0.167029
3.404297 0.145731
3.406250 0.136833
3.408203 0.128086
3.410156 0.101123
3.412109 0.105052
3.414063 0.102900
3.416016 0.086916
3.417969 0.042467
3.419922 0.002127
3.421875 0.001976
3.423828 -0.029634
3.425781 -0.082252
3.427734 -0.131253
3.429688 -0.176323
3.431641 -0.160348
3.433594 -0.223407
3.435547 -0.218296
3.437500 -0.217241
3.439453 -0.249220
3.441406 -0.253608
3.443359 -0.222255
3.445313 -0.213174
3.447266 -0.167350
3.449219 -0.119905
3.451172 -0.044388
3.453125 -0.001008
3.455078 -0.016162
3.457031 -0.022216
3.458984 -0.013842
3.460938 0.010256
3.462891 -0.006757
3.464844 -0.026089
3.466797 -0.021870
3.468750 -0.063477
3.470703 -0.143882
3.472656 -0.256642
3.474609 -0.293889
3.476563 -0.268793
3.478516 -0.238105
3.480469 -0.226853
3.482422 -0.221249
3.484375 -0.149523
3.486328 -0.108250
3.488281 -0.080355
3.490234 -0.119014
3.492188 -0.113466
3.494141 -0.166528
3.496094 -0.236020
3.498047 -0.331760
3.500000 -0.353494
3.501953 -0.339091
3.503906 -0.313701
3.505859 -0.342838
3.507813 -0.388664
3.509766 -0.380281
3.511719 -0.389190
3.513672 -0.446778
3.515625 -0.389899
3.517578 -0.323489
3.519531 -0.231803
3.521484 -0.158459
3.523438 -0.110453
3.525391 -0.044807
3.527344 -0.014133
3.529297 0.042177
3.531250 0.163124
3.533203 0.193387
3.535156 0.160258
3.537109 0.160183
3.539063 0.200778
3.541016 0.177945
3.542969 0.186888
3.544922 0.244370
3.546875 0.282144
3.548828 0.272242
3.550781 0.380398
3.552734 0.498163
3.554688 0.488273
3.556641 0.444568
3.558594 0.361499
3.560547 0.271291
3.562500 0.198193
3.564453 0.080852
3.566406 -0.002567
3.568359 -0.117804
3.570313 -0.111095
3.572266 -0.040028
3.574219 -0.040318
3.576172 0.004804
3.578125 0.089526
3.580078 0.161707
3.582031 0.185208
3.583984 0.194166
3.585938 0.188918
3.587891 0.206300
3.589844 0.175818
3.591797 0.118179
3.593750 0.107100
3.595703 0.086221
3.597656 0.129582
3.599609 0.163710
3.601563 0.254740
3.603516 0.298864
3.605469 0.326806
3.607422 0.324836
3.609375 0.315800
3.611328 0.254020
3.613281 0.241046
3.615234 0.305734
3.617188 0.343024
3.619141 0.347666
3.621094 0.331385
3.623047 0.291619
3.625000 0.299470
3.626953 0.305731
3.628906 0.234175
3.630859 0.135039
3.632813 0.038656
3.634766 -0.065574
3.636719 -0.102516
3.638672 -0.094535
3.640625 -0.050137
3.642578 -0.028291
3.644531 -0.010837
3.646484 0.021624
3.648438 0.096640
3.650391 0.071733
3.652344 0.062964
3.654297 0.067781
3.656250 0.055761
3.658203 0.061737
3.660156 0.045768
3.662109 -0.046112
3.664063 -0.128244
3.666016 -0.180708
3.667969 -0.164959
3.669922 -0.179125
3.671875 -0.174341
3.673828 -0.132763
3.675781 -0.067866
3.677734 -0.035901
3.679688 -0.004819
3.681641 0.002849
3.683594 0.003921
3.685547 -0.029052
3.687500 -0.009504
3.689453 -0.012764
3.691406 -0.023295
3.693359 -0.030963
3.695313 -0.044413
3.697266 -0.084433
3.699219 -0.102734
3.701172 -0.084112
3.703125 -0.118284
3.705078 -0.115532
3.707031 -0.090541
3.708984 -0.051645
3.710938 -0.056052
3.712891 -0.033078
3.714844 0.032223
3.716797 0.060491
3.718750 0.087689
3.720703 0.113366
3.722656 0.152627
3.724609 0.193165
3.726563 0.214581
3.728516 0.271377
3.730469 0.273495
3.732422 0.294606
3.734375 0.343840
3.736328 0.306327
3.738281 0.277428
3.740234 0.237046
3.742188 0.250816
3.744141 0.175910
3.746094 0.093695
3.748047 0.094964
3.750000 0.051424
3.751953 -0.021480
3.753906 -0.148476
3.755859 -0.197892
3.757813 -0.205335
3.759766 -0.230955
3.761719 -0.229887
3.763672 -0.177409
3.765625 -0.120633
3.767578 -0.018182
3.769531 0.015141
3.771484 -0.000672
3.773438 -0.018365
3.775391 -0.017083
3.777344 -0.056822
3.779297 -0.079691
3.781250 -0.171082
3.783203 -0.212168
3.785156 -0.264615
3.787109 -0.317353
3.789063 -0.330056
3.791016 -0.311676
3.792969 -0.300409
3.794922 -0.258287
3.796875 -0.208539
3.798828 -0.145689
3.800781 -0.100632
3.802734 -0.123249
3.804688 -0.123790
3.806641 -0.065494
3.808594 -0.052145
3.810547 -0.081311
3.812500 -0.168675
3.814453 -0.194794
3.816406 -0.193704
3.818359 -0.251664
3.820313 -0.293220
3.822266 -0.414598
3.824219 -0.448333
3.826172 -0.407477
3.828125 -0.389427
3.830078 -0.392478
3.832031 -0.327186
3.833984 -0.267012
3.835938 -0.245663
3.837891 -0.192837
3.839844 -0.235053
3.841797 -0.250725
3.843750 -0.241750
3.845703 -0.206574
3.847656 -0.217637
3.849609 -0.194913
3.851563 -0.220834
3.853516 -0.216298
3.855469 -0.248638
3.857422 -0.160684
3.859375 -0.087557
3.861328 -0.004694
3.863281 0.090878
3.865234 0.172632
3.867188 0.198155
3.869141 0.204304
3.871094 0.149583
3.873047 0.157025
3.875000 0.154549
3.876953 0.154983
3.878906 0.175972
3.880859 0.164505
3.882813 0.169481
3.884766 0.204882
3.886719 0.244143
3.888672 0.218930
3.890625 0.158406
3.892578 0.113242
3.894531 0.108141
3.896484 0.095356
3.898438 0.112671
3.900391 0.136903
3.902344 0.193512
3.904297 0.190785
3.906250 0.228480
3.908203 0.230789
3.910156 0.218471
3.912109 0.222515
3.914063 0.197283
3.916016 0.218788
3.917969 0.150827
3.919922 0.081012
3.921875 0.059953
3.923828 -0.022044
3.925781 -0.094518
3.927734 -0.135321
3.929688 -0.194576
3.931641 -0.270342
3.933594 -0.345734
3.935547 -0.399604
3.937500 -0.431158
3.939453 -0.457838
3.941406 -0.487043
3.943359 -0.437204
3.945313 -0.328698
3.947266 -0.274583
3.949219 -0.145868
3.951172 -0.061886
3.953125 0.056895
3.955078 0.092578
3.957031 0.070134
3.958984 0.103218
3.960938 0.044516
3.962891 0.044963
3.964844 0.040152
3.966797 0.126013
3.968750 0.151166
3.970703 0.139633
3.972656 0.128763
3.974609 0.105336
3.976563 0.070794
3.978516 0.188538
3.980469 0.268637
3.982422 0.312823
3.984375 0.333388
3.986328 0.387114
3.988281 0.431277
3.990234 0.438283
3.992188 0.372129
3.994141 0.341603
3.996094 0.337965
3.998047 0.272332
4.000000 0.251893
4.001953 0.222941
4.003906 0.199761
4.005859 0.212348
4.007813 0.233891
4.009766 0.130587
4.011719 0.081363
4.013672 -0.006106
4.015625 -0.082608
4.017578 -0.102009
4.019531 -0.085550
4.021484 -0.019020
4.023438 -0.031261
4.025391 -0.032243
4.027344 -0.037373
4.029297 -0.098343
4.031250 -0.208239
4.033203 -0.284414
4.035156 -0.268152
4.037109 -0.282674
4.039063 -0.285898
4.041016 -0.307345
4.042969 -0.325070
4.044922 -0.314802
4.046875 -0.347718
4.048828 -0.313617
4.050781 -0.209479
4.052734 -0.140544
4.054688 -0.080729
4.056641 -0.026206
4.058594 -0.018162
4.060547 -0.054277
4.062500 -0.010489
4.064453 0.088037
4.066406 0.075109
4.068359 0.097861
4.070313 0.069813
4.072266 -0.015566
4.074219 -0.102825
4.076172 -0.192834
4.078125 -0.326011
4.080078 -0.399859
4.082031 -0.423205
4.083984 -0.390575
4.085938 -0.406740
4.087891 -0.405392
4.089844 -0.396511
4.091797 -0.372770
4.093750 -0.337667
4.095703 -0.353596
4.097656 -0.277679
4.099609 -0.204565
4.101563 -0.199783
4.103516 -0.218319
4.105469 -0.182146
4.107422 -0.106140
4.109375 -0.109294
4.111328 -0.060416
4.113281 0.015989
4.115234 0.055531
4.117188 0.148427
4.119141 0.243160
4.121094 0.351187
4.123047 0.342610
4.125000 0.363237
4.126953 0.361942
4.128906 0.317370
4.130859 0.213158
4.132813 0.123671
4.134766 0.008459
4.136719 -0.025466
4.138672 -0.031283
4.140625 -0.095394
4.142578 -0.103261
4.144531 -0.153893
4.146484 -0.208030
4.148438 -0.243813
4.150391 -0.320759
4.152344 -0.379250
4.154297 -0.440504
4.156250 -0.411393
4.158203 -0.294833
4.160156 -0.165414
4.162109 -0.079306
4.164063 -0.022591
4.166016 0.032775
4.167969 0.041539
4.169922 -0.041030
4.171875 -0.106190
4.173828 -0.109365
4.175781 -0.077359
4.177734 -0.060621
4.179688 -0.104819
4.181641 -0.086569
4.183594 -0.020639
4.185547 0.007941
4.187500 0.078181
4.189453 0.164297
4.191406 0.198251
4.193359 0.215328
4.195313 0.164171
4.197266 0.158842
4.199219 0.186507
4.201172 0.232319
4.203125 0.224346
4.205078 0.191317
4.207031 0.174589
4.208984 0.176535
4.210938 0.262227
4.212891 0.322144
4.214844 0.407758
4.216797 0.420423
4.218750 0.407135
4.220703 0.442905
4.222656 0.471367
4.224609 0.529652
4.226563 0.583275
4.228516 0.608538
4.230469 0.644257
4.232422 0.606603
4.234375 0.545729
4.236328 0.480560
4.238281 0.471084
4.240234 0.401788
4.242188 0.317060
4.244141 0.215484
4.246094 0.153776
4.248047 0.071935
4.250000 0.028284
4.251953 -0.053972
4.253906 -0.059679
4.255859 -0.082700
4.257813 -0.019968
4.259766 0.074727
4.261719 0.156403
4.263672 0.198413
4.265625 0.235782
4.267578 0.243949
4.269531 0.173871
4.271484 0.068121
4.273438 -0.034110
4.275391 -0.070784
4.277344 -0.072743
4.279297 -0.040046
4.281250 0.037002
4.283203 0.057390
4.285156 0.043514
4.287109 0.022325
4.289063 -0.001069
4.291016 -0.083920
4.292969 -0.170112
4.294922 -0.214305
4.296875 -0.268065
4.298828 -0.332754
4.300781 -0.396637
4.302734 -0.394890
4.304688 -0.442250
4.306641 -0.398917
4.308594 -0.324385
4.310547 -0.197452
4.312500 -0.070237
4.314453 -0.036027
4.316406 -0.004463
4.318359 0.022584
4.320313 0.022049
4.322266 0.022303
4.324219 0.059368
4.326172 0.125424
4.328125 0.164127
4.330078 0.123820
4.332031 -0.006968
4.333984 -0.140208
4.335938 -0.181022
4.337891 -0.204767
4.339844 -0.236890
4.341797 -0.306934
4.343750 -0.324073
4.345703 -0.379683
4.347656 -0.398731
4.349609 -0.390740
4.351563 -0.260948
4.353516 -0.113217
4.355469 -0.006509
4.357422 0.051030
4.359375 0.087584
4.361328 0.115443
4.363281 0.162877
4.365234 0.103858
4.367188 0.101316
4.369141 0.118922
4.371094 0.114173
4.373047 0.106652
4.375000 0.118773
4.376953 0.049842
4.378906 -0.066293
4.380859 -0.117612
4.382813 -0.146791
4.384766 -0.185102
4.386719 -0.250936
4.388672 -0.329099
4.390625 -0.381437
4.392578 -0.404263
4.394531 -0.407265
4.396484 -0.336991
4.398438 -0.340238
4.400391 -0.370320
4.402344 -0.393483
4.404297 -0.397166
4.406250 -0.397990
4.408203 -0.444485
4.410156 -0.460728
4.412109 -0.443109
4.414063 -0.376042
4.416016 -0.341779
4.417969 -0.255011
4.419922 -0.212109
4.421875 -0.143088
4.423828 -0.061706
4.425781 0.003378
4.427734 0.027513
4.429688 0.083275
4.431641 0.155968
4.433594 0.229483
4.435547 0.262225
4.437500 0.346772
4.439453 0.406613
4.441406 0.475268
4.443359 0.456652
4.445313 0.429649
4.447266 0.420144
4.449219 0.442881
4.451172 0.467333
4.453125 0.469689
4.455078 0.475489
4.457031 0.426612
4.458984 0.380577
4.460938 0.409853
4.462891 0.371861
4.464844 0.318275
4.466797 0.300517
4.468750 0.275655
4.470703 0.285506
4.472656 0.285556
4.474609 0.292856
4.476563 0.280939
4.478516 0.276023
4.480469 0.273854
4.482422 0.304520
4.484375 0.321861
4.486328 0.298199
4.488281 0.227306
4.490234 0.244911
4.492188 0.253095
4.494141 0.189587
4.496094 0.130543
4.498047 0.114812
4.500000 0.012984
4.501953 -0.092727
4.503906 -0.169011
4.505859 -0.227330
4.507813 -0.228835
4.509766 -0.140201
4.511719 -0.032946
4.513672 -0.016636
4.515625 -0.045746
4.517578 -0.079803
4.519531 -0.073979
4.521484 -0.153184
4.523438 -0.238817
4.525391 -0.262240
4.527344 -0.323184
4.529297 -0.320883
4.531250 -0.273530
4.533203 -0.195270
4.535156 -0.231131
4.537109 -0.330370
4.539063 -0.380131
4.541016 -0.437414
4.542969 -0.443967
4.544922 -0.444846
4.546875 -0.403380
4.548828 -0.434133
4.550781 -0.463282
4.552734 -0.444962
4.554688 -0.387703
4.556641 -0.339994
4.558594 -0.309342
4.560547 -0.276396
4.562500 -0.219231
4.564453 -0.221548
4.566406 -0.218211
4.568359 -0.234334
4.570313 -0.218993
4.572266 -0.230138
4.574219 -0.235540
4.576172 -0.231641
4.578125 -0.248175
4.580078 -0.205475
4.582031 -0.174617
4.583984 -0.216375
4.585938 -0.234981
4.587891 -0.289159
4.589844 -0.314032
4.591797 -0.325651
4.593750 -0.303812
4.595703 -0.256112
4.597656 -0.278946
4.599609 -0.316330
4.601563 -0.281461
4.603516 -0.203883
4.605469 -0.189560
4.607422 -0.144022
4.609375 -0.079141
4.611328 -0.081775
4.613281 -0.074767
4.615234 -0.029940
4.617188 -0.104671
4.619141 -0.190321
4.621094 -0.268141
4.623047 -0.311702
4.625000 -0.313598
4.626953 -0.315945
4.628906 -0.364421
4.630859 -0.338827
4.632813 -0.368481
4.634766 -0.341691
4.636719 -0.373726
4.638672 -0.450289
4.640625 -0.434096
4.642578 -0.473948
4.644531 -0.463970
4.646484 -0.373006
4.648438 -0.273043
4.650391 -0.160073
4.652344 -0.143297
4.654297 -0.023614
4.656250 0.003979
4.658203 0.041437
4.660156 -0.029466
4.662109 0.022029
4.664063 0.052823
4.666016 0.048276
4.667969 0.008219
4.669922 -0.041231
4.671875 -0.049450
4.673828 0.012597
4.675781 0.055854
4.677734 0.095799
4.679688 0.098186
4.681641 0.064655
4.683594 0.028170
4.685547 0.063040
4.687500 0.065058
4.689453 0.121953
4.691406 0.161496
4.693359 0.197488
4.695313 0.178056
4.697266 0.230718
4.699219 0.272130
4.701172 0.246368
4.703125 0.322216
4.705078 0.290754
4.707031 0.210919
4.708984 0.136738
4.710938 0.137758
4.712891 0.138235
4.714844 0.217230
4.716797 0.285328
4.718750 0.346116
4.720703 0.382619
4.722656 0.403361
4.724609 0.380175
4.726563 0.351512
4.728516 0.377952
4.730469 0.376323
4.732422 0.371517
4.734375 0.333978
4.736328 0.263672
4.738281 0.189382
4.740234 0.139218
4.742188 0.146528
4.744141 0.064247
4.746094 0.001553
4.748047 -0.071436
4.750000 -0.119275
4.751953 -0.226009
4.753906 -0.299727
4.755859 -0.383785
4.757813 -0.409513
4.759766 -0.373167
4.761719 -0.248151
4.763672 -0.108475
4.765625 -0.058816
4.767578 -0.044621
4.769531 0.024154
4.771484 0.087454
4.773438 0.135645
4.775391 0.131163
4.777344 0.127877
4.779297 0.104135
4.781250 0.074669
4.783203 0.055016
4.785156 0.020087
4.787109 0.064361
4.789063 0.127508
4.791016 0.180313
4.792969 0.226316
4.794922 0.221929
4.796875 0.100508
4.798828 0.101914
4.800781 0.104924
4.802734 0.110282
4.804688 0.094064
4.806641 0.071186
4.808594 0.053489
4.810547 -0.013717
4.812500 -0.114958
4.814453 -0.138108
4.816406 -0.225068
4.818359 -0.272757
4.820313 -0.306369
4.822266 -0.297183
4.824219 -0.267301
4.826172 -0.239803
4.828125 -0.207730
4.830078 -0.255564
4.832031 -0.267184
4.833984 -0.296985
4.835938 -0.259614
4.837891 -0.207966
4.839844 -0.100484
4.841797 0.018335
4.843750 0.063206
4.845703 0.122676
4.847656 0.204039
4.849609 0.217148
4.851563 0.211007
4.853516 0.216135
4.855469 0.186364
4.857422 0.190558
4.859375 0.153566
4.861328 0.113527
4.863281 0.038016
4.865234 -0.046817
4.867188 -0.150618
4.869141 -0.220249
4.871094 -0.303473
4.873047 -0.302723
4.875000 -0.294661
4.876953 -0.282035
4.878906 -0.238012
4.880859 -0.201889
4.882813 -0.167743
4.884766 -0.126036
4.886719 -0.064725
4.888672 -0.048135
4.890625 -0.039605
4.892578 -0.030890
4.894531 -0.092611
4.896484 -0.161169
4.898438 -0.216207
4.900391 -0.200829
4.902344 -0.160041
4.904297 -0.143694
4.906250 -0.046508
4.908203 -0.032869
4.910156 -0.027206
4.912109 0.003139
4.914063 0.032311
4.916016 0.086990
4.917969 0.116471
4.919922 0.176103
4.921875 0.229464
4.923828 0.269051
4.925781 0.258455
4.927734 0.186072
4.929688 0.143614
4.931641 0.038709
4.933594 -0.052503
4.935547 -0.024933
4.937500 -0.046792
4.939453 -0.086206
4.941406 -0.129201
4.943359 -0.101972
4.945313 -0.115113
4.947266 -0.074768
4.949219 -0.047628
4.951172 -0.046908
4.953125 -0.097204
4.955078 -0.094682
4.957031 -0.062625
4.958984 0.018430
4.960938 0.041011
4.962891 -0.018424
4.964844 -0.066154
4.966797 -0.111117
4.968750 -0.157704
4.970703 -0.166772
4.972656 -0.174894
4.974609 -0.161124
4.976563 -0.126133
4.978516 -0.157457
4.980469 -0.124565
4.982422 -0.118037
4.984375 -0.106609
4.986328 -0.135384
4.988281 -0.209597
4.990234 -0.301802
4.992188 -0.367642
4.994141 -0.400941
4.996094 -0.453829
4.998047 -0.467992
5.000000 -0.511640
5.001953 -0.529711
5.003906 -0.544785
5.005859 -0.529567
5.007813 -0.530728
5.009766 -0.562425
5.011719 -0.616617
5.013672 -0.599293
5.015625 -0.523763
5.017578 -0.440328
5.019531 -0.354292
5.021484 -0.306877
5.023438 -0.272722
5.025391 -0.214945
5.027344 -0.069956
5.029297 0.078370
5.031250 0.147131
5.033203 0.157790
5.035156 0.147329
5.037109 0.109004
5.039063 0.026143
5.041016 0.020127
5.042969 -0.031544
5.044922 -0.011491
5.046875 0.095497
5.048828 0.140898
5.050781 0.180592
5.052734 0.097400
5.054688 0.067160
5.056641 0.022592
5.058594 -0.015115
5.060547 -0.067974
5.062500 -0.058838
5.064453 -0.033097
5.066406 0.047920
5.068359 0.116710
5.070313 0.176153
5.072266 0.233839
5.074219 0.277067
5.076172 0.292283
5.078125 0.345667
5.080078 0.366202
5.082031 0.272167
5.083984 0.200128
5.085938 0.203362
5.087891 0.229449
5.089844 0.206530
5.091797 0.199127
5.093750 0.130517
5.095703 0.106406
5.097656 0.078875
5.099609 0.037637
5.101563 0.041033
5.103516 -0.038543
5.105469 -0.108164
5.107422 -0.095339
5.109375 -0.015384
5.111328 0.061886
5.113281 0.009115
5.115234 -0.073659
5.117188 -0.159865
5.119141 -0.270626
5.121094 -0.323205
5.123047 -0.366017
5.125000 -0.452778
5.126953 -0.445422
5.128906 -0.372750
5.130859 -0.368074
5.132813 -0.370343
5.134766 -0.297736
5.136719 -0.241559
5.138672 -0.169055
5.140625 -0.199358
5.142578 -0.184590
5.144531 -0.147213
5.146484 -0.146160
5.148438 -0.164064
5.150391 -0.169989
5.152344 -0.141821
5.154297 -0.185253
5.156250 -0.176228
5.158203 -0.099818
5.160156 -0.009720
5.162109 0.023615
5.164063 0.045894
5.166016 0.066318
5.167969 0.076942
5.169922 0.024473
5.171875 0.003988
5.173828 0.033666
5.175781 0.060859
5.177734 0.096791
5.179688 0.094395
5.181641 0.095395
5.183594 0.059480
5.185547 0.017882
5.187500 -0.097164
5.189453 -0.128809
5.191406 -0.184911
5.193359 -0.156614
5.195313 -0.083229
5.197266 -0.011378
5.199219 0.169726
5.201172 0.254054
5.203125 0.314894
5.205078 0.261443
5.207031 0.176600
5.208984 0.065127
5.210938 -0.034951
5.212891 -0.108901
5.214844 -0.139847
5.216797 -0.124957
5.218750 -0.101447
5.220703 -0.126542
5.222656 -0.145454
5.224609 -0.077817
5.226563 -0.001577
5.228516 -0.002584
5.230469 -0.045165
5.232422 -0.157873
5.234375 -0.162061
5.236328 -0.209529
5.238281 -0.217381
5.240234 -0.234557
5.242188 -0.193743
5.244141 -0.126455
5.246094 -0.116711
5.248047 -0.069573
5.250000 -0.081466
5.251953 -0.127267
5.253906 -0.122116
5.255859 -0.103144
5.257813 -0.077247
5.259766 -0.032678
5.261719 0.019587
5.263672 0.067794
5.265625 0.124651
5.267578 0.186210
5.269531 0.239572
5.271484 0.262130
5.273438 0.251953
5.275391 0.179279
5.277344 0.239977
5.279297 0.240109
5.281250 0.244382
5.283203 0.272693
5.285156 0.337775
5.287109 0.401017
5.289063 0.453353
5.291016 0.514337
5.292969 0.504954
5.294922 0.501381
5.296875 0.508379
5.298828 0.483309
5.300781 0.464726
5.302734 0.463178
5.304688 0.440412
5.306641 0.461371
5.308594 0.408335
5.310547 0.453346
5.312500 0.370867
5.314453 0.301638
5.316406 0.251831
5.318359 0.253853
5.320313 0.247979
5.322266 0.287009
5.324219 0.374943
5.326172 0.419555
5.328125 0.432903
5.330078 0.407777
5.332031 0.475010
5.333984 0.498895
5.335938 0.494255
5.337891 0.493208
5.339844 0.401169
5.341797 0.333502
5.343750 0.255222
5.345703 0.194924
5.347656 0.095440
5.349609 0.082018
5.351563 0.056110
5.353516 -0.013636
5.355469 -0.049373
5.357422 -0.003754
5.359375 0.019391
5.361328 -0.031691
5.363281 -0.123256
5.365234 -0.176744
5.367188 -0.161002
5.369141 -0.160041
5.371094 -0.244078
5.373047 -0.349076
5.375000 -0.399004
5.376953 -0.402873
5.378906 -0.346428
5.380859 -0.347107
5.382813 -0.309784
5.384766 -0.313281
5.386719 -0.251494
5.388672 -0.213763
5.390625 -0.191838
5.392578 -0.187322
5.394531 -0.135743
5.396484 -0.067772
5.398438 -0.080659
5.400391 -0.103858
5.402344 -0.137800
5.404297 -0.223518
5.406250 -0.211627
5.408203 -0.187664
5.410156 -0.162181
5.412109 -0.131410
5.414063 -0.055864
5.416016 0.028169
5.417969 0.116162
5.419922 0.131260
5.421875 0.104075
5.423828 0.120878
5.425781 0.167509
5.427734 0.198704
5.429688 0.231161
5.431641 0.154351
5.433594 0.086629
5.435547 -0.028736
5.437500 -0.033213
5.439453 -0.063851
5.441406 -0.134150
5.443359 -0.194988
5.445313 -0.261477
5.447266 -0.243640
5.449219 -0.279136
5.451172 -0.298153
5.453125 -0.370410
5.455078 -0.406359
5.457031 -0.402772
5.458984 -0.358354
5.460938 -0.286230
5.462891 -0.201601
5.464844 -0.130804
5.466797 -0.128822
5.468750 -0.118234
5.470703 -0.096688
5.472656 -0.101097
5.474609 -0.095991
5.476563 -0.079736
5.478516 -0.057123
5.480469 -0.042621
5.482422 -0.056512
5.484375 -0.051484
5.486328 -0.042207
5.488281 -0.064659
5.490234 -0.055687
5.492188 -0.060664
5.494141 -0.085565
5.496094 -0.169967
5.498047 -0.215775
5.500000 -0.218875
5.501953 -0.280821
5.503906 -0.267760
5.505859 -0.242279
5.507813 -0.186049
5.509766 -0.176705
5.511719 -0.174529
5.513672 -0.185783
5.515625 -0.187450
5.517578 -0.107287
5.519531 -0.097948
5.521484 -0.080357
5.523438 -0.071784
5.525391 -0.099550
5.527344 -0.052615
5.529297 -0.111121
5.531250 -0.190489
5.533203 -0.263045
5.535156 -0.314651
5.537109 -0.316818
5.539063 -0.349530
5.541016 -0.362633
5.542969 -0.355081
5.544922 -0.394144
5.546875 -0.375630
5.548828 -0.320251
5.550781 -0.307964
5.552734 -0.361834
5.554688 -0.412745
5.556641 -0.452374
5.558594 -0.410013
5.560547 -0.363534
5.562500 -0.317987
5.564453 -0.284483
5.566406 -0.316654
5.568359 -0.322892
5.570313 -0.353564
5.572266 -0.318555
5.574219 -0.304404
5.576172 -0.266222
5.578125 -0.312139
5.580078 -0.313291
5.582031 -0.297973
5.583984 -0.338683
5.585938 -0.377892
5.587891 -0.306521
5.589844 -0.298424
5.591797 -0.221247
5.593750 -0.131992
5.595703 -0.060275
5.597656 0.010094
5.599609 0.077450
5.601563 0.072662
5.603516 0.045646
5.605469 0.042042
5.607422 0.078273
5.609375 0.131524
5.611328 0.172955
5.613281 0.183379
5.615234 0.108680
5.617188 0.070241
5.619141 0.064705
5.621094 0.016019
5.623047 -0.052456
5.625000 -0.063381
5.626953 -0.129233
5.628906 -0.166120
5.630859 -0.206246
5.632813 -0.250345
5.634766 -0.332413
5.636719 -0.389545
5.638672 -0.424014
5.640625 -0.370295
5.642578 -0.269458
5.644531 -0.253193
5.646484 -0.246512
5.648438 -0.255608
5.650391 -0.249891
5.652344 -0.235658
5.654297 -0.175367
5.656250 -0.062756
5.658203 0.000780
5.660156 0.035754
5.662109 0.140816
5.664063 0.240134
5.666016 0.315605
5.667969 0.377749
5.669922 0.393770
5.671875 0.333930
5.673828 0.258790
5.675781 0.163410
5.677734 0.068345
5.679688 -0.041287
5.681641 -0.093436
5.683594 -0.094246
5.685547 -0.103860
5.687500 -0.094153
5.689453 -0.102107
5.691406 -0.159943
5.693359 -0.202675
5.695313 -0.204475
5.697266 -0.239802
5.699219 -0.274485
5.701172 -0.282589
5.703125 -0.241008
5.705078 -0.154855
5.707031 -0.128786
5.708984 -0.078263
5.710938 -0.059502
5.712891 -0.058793
5.714844 -0.112095
5.716797 -0.183607
5.718750 -0.149398
5.720703 -0.116623
5.722656 -0.028930
5.724609 0.086082
5.726563 0.145589
5.728516 0.176944
5.730469 0.198282
5.732422 0.189641
5.734375 0.164022
5.736328 0.164847
5.738281 0.152730
5.740234 0.136043
5.742188 0.179813
5.744141 0.241627
5.746094 0.297612
5.748047 0.336037
5.750000 0.355565
5.751953 0.352572
5.753906 0.273185
5.755859 0.230602
5.757813 0.192144
5.759766 0.117411
5.761719 0.131303
5.763672 0.170512
5.765625 0.239245
5.767578 0.263419
5.769531 0.287092
5.771484 0.303841
5.773438 0.284140
5.775391 0.240661
5.777344 0.251421
5.779297 0.255861
5.781250 0.214446
5.783203 0.245805
5.785156 0.230507
5.787109 0.257579
5.789063 0.254120
5.791016 0.266119
5.792969 0.209424
5.794922 0.168790
5.796875 0.125519
5.798828 0.071550
5.800781 0.012467
5.802734 0.005118
5.804688 -0.082806
5.806641 -0.216457
5.808594 -0.293171
5.810547 -0.386707
5.812500 -0.508338
5.814453 -0.511207
5.816406 -0.532676
5.818359 -0.558910
5.820313 -0.604745
5.822266 -0.537456
5.824219 -0.391574
5.826172 -0.304029
5.828125 -0.276343
5.830078 -0.223498
5.832031 -0.163325
5.833984 -0.118953
5.835938 -0.086694
5.837891 -0.080636
5.839844 -0.108247
5.841797 -0.118107
5.843750 -0.181311
5.845703 -0.220160
5.847656 -0.228522
5.849609 -0.286594
5.851563 -0.318205
5.853516 -0.317417
5.855469 -0.315342
5.857422 -0.299775
5.859375 -0.288272
5.861328 -0.313227
5.863281 -0.336492
5.865234 -0.331946
5.867188 -0.336028
5.869141 -0.208422
5.871094 -0.093154
5.873047 -0.001535
5.875000 0.130300
5.876953 0.205458
5.878906 0.266611
5.880859 0.276993
5.882813 0.242148
5.884766 0.228308
5.886719 0.303217
5.888672 0.294106
5.890625 0.364857
5.892578 0.371660
5.894531 0.304041
5.896484 0.240668
5.898438 0.215397
5.900391 0.198422
5.902344 0.227710
5.904297 0.206252
5.906250 0.213808
5.908203 0.272001
5.910156 0.323224
5.912109 0.299260
5.914063 0.284426
5.916016 0.246906
5.917969 0.202605
5.919922 0.118695
5.921875 0.154779
5.923828 0.156759
5.925781 0.185388
5.927734 0.179463
5.929688 0.159390
5.931641 0.110095
5.933594 0.057552
5.935547 0.025638
5.937500 -0.120392
5.939453 -0.221873
5.941406 -0.321448
5.943359 -0.363214
5.945313 -0.309793
5.947266 -0.272879
5.949219 -0.166292
5.951172 -0.139037
5.953125 -0.127685
5.955078 -0.174522
5.957031 -0.241776
5.958984 -0.248624
5.960938 -0.322788
5.962891 -0.403741
5.964844 -0.460832
5.966797 -0.471125
5.968750 -0.489120
5.970703 -0.432944
5.972656 -0.342726
5.974609 -0.305644
5.976563 -0.306007
5.978516 -0.207622
5.980469 -0.124850
5.982422 -0.030804
5.984375 0.080222
5.986328 0.253850
5.988281 0.284356
5.990234 0.335316
5.992188 0.340170
5.994141 0.299873
5.996094 0.213829
5.998047 0.097450
6.000000 -0.024257
6.001953 -0.143215
6.003906 -0.214153
6.005859 -0.287171
6.007813 -0.352812
6.009766 -0.460281
6.011719 -0.492384
6.013672 -0.533157
6.015625 -0.509877
6.017578 -0.498297
6.019531 -0.425675
6.021484 -0.339945
6.023438 -0.274467
6.025391 -0.234519
6.027344 -0.196429
6.029297 -0.143856
6.031250 -0.060429
6.033203 -0.076883
6.035156 0.007447
6.037109 0.064378
6.039063 0.110131
6.041016 0.206682
6.042969 0.270331
6.044922 0.332905
6.046875 0.350165
6.048828 0.354345
6.050781 0.428815
6.052734 0.416238
6.054688 0.351698
6.056641 0.306694
6.058594 0.260113
6.060547 0.231730
6.062500 0.215042
6.064453 0.192690
6.066406 0.202373
6.068359 0.225692
6.070313 0.212780
6.072266 0.114612
6.074219 0.059830
6.076172 -0.065267
6.078125 -0.140061
6.080078 -0.223372
6.082031 -0.226123
6.083984 -0.159732
6.085938 -0.134589
6.087891 -0.072584
6.089844 0.032669
6.091797 0.082740
6.093750 0.087501
6.095703 0.097677
6.097656 0.077177
6.099609 0.099886
6.101563 0.074668
6.103516 -0.006754
6.105469 -0.092864
6.107422 -0.167832
6.109375 -0.276882
6.111328 -0.382457
6.113281 -0.369613
6.115234 -0.373217
6.117188 -0.346542
6.119141 -0.365744
6.121094 -0.330693
6.123047 -0.235462
6.125000 -0.176938
6.126953 -0.145365
6.128906 -0.114890
6.130859 -0.098634
6.132813 -0.090975
6.134766 -0.073999
6.136719 -0.058067
6.138672 -0.083415
6.140625 -0.188744
6.142578 -0.293078
6.144531 -0.326399
6.146484 -0.339001
6.148438 -0.368645
6.150391 -0.312283
6.152344 -0.257700
6.154297 -0.150945
6.156250 -0.060899
6.158203 -0.001052
6.160156 0.004025
6.162109 -0.003193
6.164063 0.043146
6.166016 0.113861
6.167969 0.186677
6.169922 0.232337
6.171875 0.249388
6.173828 0.271900
6.175781 0.296967
6.177734 0.284070
6.179688 0.237181
6.181641 0.230160
6.183594 0.228608
6.185547 0.234826
6.187500 0.221832
6.189453 0.158549
6.191406 0.116571
6.193359 0.065397
6.195313 0.072065
6.197266 0.063473
6.199219 -0.010579
6.201172 -0.092673
6.203125 -0.183137
6.205078 -0.209120
6.207031 -0.222332
6.208984 -0.203877
6.210938 -0.224649
6.212891 -0.188577
6.214844 -0.184954
6.216797 -0.175953
6.218750 -0.152580
6.220703 -0.110051
6.222656 -0.114475
6.224609 -0.083511
6.226563 -0.027760
6.228516 -0.023620
6.230469 -0.039513
6.232422 -0.003909
6.234375 0.048710
6.236328 0.107338
6.238281 0.143114
6.240234 0.110267
6.242188 -0.006171
6.244141 -0.158633
6.246094 -0.234740
6.248047 -0.225235
6.250000 -0.143138
6.251953 0.069636
6.253906 0.212655
6.255859 0.285389
6.257813 0.267867
6.259766 0.253473
6.261719 0.234733
6.263672 0.200321
6.265625 0.183493
6.267578 0.234669
6.269531 0.275913
6.271484 0.286817
6.273438 0.300108
6.275391 0.257042
6.277344 0.185315
6.279297 0.139851
6.281250 0.056030
6.283203 0.026155
6.285156 -0.054932
6.287109 -0.111018
6.289063 -0.141215
6.291016 -0.124532
6.292969 -0.086224
6.294922 -0.073290
6.296875 -0.064560
6.298828 -0.047671
6.300781 -0.026914
6.302734 -0.015338
6.304688 -0.050670
6.306641 -0.048993
6.308594 -0.029200
6.310547 -0.007441
6.312500 0.044933
6.314453 0.100258
6.316406 0.154124
6.318359 0.119803
6.320313 0.149101
6.322266 0.247277
6.324219 0.270925
6.326172 0.331464
6.328125 0.380021
6.330078 0.353590
6.332031 0.322476
6.333984 0.271823
6.335938 0.185301
6.337891 0.154585
6.339844 0.154695
6.341797 0.212271
6.343750 0.217119
6.345703 0.191996
6.347656 0.203385
6.349609 0.253367
6.351563 0.287814
6.353516 0.320931
6.355469 0.338527
6.357422 0.347400
6.359375 0.393489
6.361328 0.392465
6.363281 0.308297
6.365234 0.215504
6.367188 0.147709
6.369141 0.078993
6.371094 0.053147
6.373047 0.016450
6.375000 0.025720
6.376953 -0.011718
6.378906 -0.009910
6.380859 0.048963
6.382813 0.148329
6.384766 0.207302
6.386719 0.157192
6.388672 0.061055
6.390625 0.066339
6.392578 0.086197
6.394531 0.063224
6.396484 0.013433
6.398438 -0.043682
6.400391 -0.073954
6.402344 -0.105196
6.404297 -0.092835
6.406250 -0.111592
6.408203 -0.123923
6.410156 -0.159745
6.412109 -0.226533
6.414063 -0.261645
6.416016 -0.338664
6.417969 -0.383836
6.419922 -0.393010
6.421875 -0.377155
6.423828 -0.371716
6.425781 -0.332006
6.427734 -0.204844
6.429688 -0.109430
6.431641 0.000493
6.433594 0.075389
6.435547 0.152051
6.437500 0.206819
6.439453 0.222884
6.441406 0.242573
6.443359 0.266547
6.445313 0.253570
6.447266 0.275011
6.449219 0.267294
6.451172 0.144869
6.453125 0.075364
6.455078 0.014806
6.457031 -0.043075
6.458984 -0.081616
6.460938 -0.002530
6.462891 0.020034
6.464844 0.048880
6.466797 0.076110
6.468750 0.141809
6.470703 0.204603
6.472656 0.212608
6.474609 0.179518
6.476563 0.124102
6.478516 0.051077
6.480469 -0.044680
6.482422 -0.032372
6.484375 -0.060040
6.486328 -0.074148
6.488281 -0.035404
6.490234 0.024047
6.492188 0.081299
6.494141 0.122554
6.496094 0.105428
6.498047 0.086780
6.500000 0.083142
6.501953 0.149426
6.503906 0.289975
6.505859 0.386127
6.507813 0.453622
6.509766 0.459218
6.511719 0.478296
6.513672 0.440849
6.515625 0.421258
6.517578 0.399302
6.519531 0.349803
6.521484 0.313435
6.523438 0.169780
6.525391 0.039546
6.527344 -0.100693
6.529297 -0.163920
6.531250 -0.154809
6.533203 -0.158551
6.535156 -0.227142
6.537109 -0.267523
6.539063 -0.345716
6.541016 -0.393054
6.542969 -0.453992
6.544922 -0.432981
6.546875 -0.409332
6.548828 -0.404103
6.550781 -0.370842
6.552734 -0.309511
6.554688 -0.242230
6.556641 -0.166835
6.558594 -0.058586
6.560547 0.115490
6.562500 0.163644
6.564453 0.203478
6.566406 0.177275
6.568359 0.173996
6.570313 0.173753
6.572266 0.160984
6.574219 0.200908
6.576172 0.272445
6.578125 0.302538
6.580078 0.291246
6.582031 0.275914
6.583984 0.341653
6.585938 0.363954
6.587891 0.317553
6.589844 0.283296
6.591797 0.270653
6.593750 0.287948
6.595703 0.325543
6.597656 0.339610
6.599609 0.328812
6.601563 0.250087
6.603516 0.198607
6.605469 0.200953
6.607422 0.193531
6.609375 0.164837
6.611328 0.267458
6.613281 0.267480
6.615234 0.203547
6.617188 0.122426
6.619141 0.059550
6.621094 0.053433
6.623047 0.049534
6.625000 0.059059
6.626953 0.096267
6.628906 0.158177
6.630859 0.204974
6.632813 0.223963
6.634766 0.175122
6.636719 0.124998
6.638672 0.138464
6.640625 0.198944
6.642578 0.165173
6.644531 0.148958
6.646484 0.152363
6.648438 0.089814
6.650391 0.041198
6.652344 -0.019104
6.654297 -0.060279
6.656250 -0.047368
6.658203 -0.039482
6.660156 0.044690
6.662109 0.055436
6.664063 0.132003
6.666016 0.204624
6.667969 0.240746
6.669922 0.361416
6.671875 0.408151
6.673828 0.344379
6.675781 0.243234
6.677734 0.218901
6.679688 0.231244
6.681641 0.245882
6.683594 0.275848
6.685547 0.229815
6.687500 0.230973
6.689453 0.202543
6.691406 0.161986
6.693359 0.161548
6.695313 0.170088
6.697266 0.148286
6.699219 0.206021
6.701172 0.199820
6.703125 0.195091
6.705078 0.203182
6.707031 0.206469
6.708984 0.179989
6.710938 0.135435
6.712891 0.094806
6.714844 0.098348
6.716797 0.079092
6.718750 0.061580
6.720703 0.028751
6.722656 -0.033950
6.724609 -0.115779
6.726563 -0.176427
6.728516 -0.222028
6.730469 -0.179115
6.732422 -0.101304
6.734375 -0.072500
6.736328 -0.063502
6.738281 -0.000732
6.740234 0.056020
6.742188 0.132481
6.744141 0.200495
6.746094 0.260608
6.748047 0.270322
6.750000 0.313695
6.751953 0.310334
6.753906 0.204081
6.755859 0.087465
6.757813 0.003531
6.759766 -0.071288
6.761719 -0.153183
6.763672 -0.140728
6.765625 -0.129597
6.767578 -0.069600
6.769531 0.024190
6.771484 0.115987
6.773438 0.180099
6.775391 0.244684
6.777344 0.306988
6.779297 0.280869
6.781250 0.307790
6.783203 0.313598
6.785156 0.299452
6.787109 0.292258
6.789063 0.258346
6.791016 0.238418
6.792969 0.167294
6.794922 0.107568
6.796875 0.041807
6.798828 0.057066
6.800781 0.149680
6.802734 0.166228
6.804688 0.226697
6.806641 0.224912
6.808594 0.183435
6.810547 0.154355
6.812500 0.146100
6.814453 0.142927
6.816406 0.196372
6.818359 0.176135
6.820313 0.170832
6.822266 0.227008
6.824219 0.307754
6.826172 0.352984
6.828125 0.394076
6.830078 0.474631
6.832031 0.520718
6.833984 0.453965
6.835938 0.368376
6.837891 0.320109
6.839844 0.228324
6.841797 0.094309
6.843750 -0.005835
6.845703 -0.135881
6.847656 -0.214442
6.849609 -0.284371
6.851563 -0.281074
6.853516 -0.265429
6.855469 -0.284115
6.857422 -0.296939
6.859375 -0.225041
6.861328 -0.151028
6.863281 -0.098446
6.865234 -0.138359
6.867188 -0.138417
6.869141 -0.155575
6.871094 -0.113379
6.873047 -0.079415
6.875000 -0.040811
6.876953 -0.016880
6.878906 -0.008172
6.880859 -0.019154
6.882813 -0.036126
6.884766 -0.037972
6.886719 -0.004457
6.888672 -0.027030
6.890625 -0.086495
6.892578 -0.122399
6.894531 -0.161766
6.896484 -0.194468
6.898438 -0.210056
6.900391 -0.232243
6.902344 -0.287548
6.904297 -0.288670
6.906250 -0.328553
6.908203 -0.352036
6.910156 -0.373864
6.912109 -0.343646
6.914063 -0.267444
6.916016 -0.200803
6.917969 -0.127033
6.919922 -0.088111
6.921875 -0.065480
6.923828 -0.100691
6.925781 -0.059730
6.927734 -0.019107
6.929688 0.016313
6.931641 0.013226
6.933594 -0.013588
6.935547 -0.081170
6.937500 -0.217607
6.939453 -0.261692
6.941406 -0.272970
6.943359 -0.286437
6.945313 -0.247761
6.947266 -0.218801
6.949219 -0.173429
6.951172 -0.141501
6.953125 -0.055746
6.955078 -0.083646
6.957031 -0.099145
6.958984 -0.113688
6.960938 -0.152125
6.962891 -0.149503
6.964844 -0.133263
6.966797 -0.157881
6.968750 -0.222267
6.970703 -0.271748
6.972656 -0.314091
6.974609 -0.243064
6.976563 -0.198066
6.978516 -0.145300
6.980469 -0.164638
6.982422 -0.103927
6.984375 -0.007234
6.986328 0.039038
6.988281 0.062043
6.990234 0.138195
6.992188 0.165467
6.994141 0.173712
6.996094 0.209566
6.998047 0.195200
7.000000 0.127854
7.001953 0.160827
7.003906 0.168772
7.005859 0.197249
7.007813 0.323519
7.009766 0.449986
7.011719 0.426365
7.013672 0.425284
7.015625 0.460257
7.017578 0.496862
7.019531 0.510524
7.021484 0.626491
7.023438 0.705829
7.025391 0.693663
7.027344 0.721755
7.029297 0.662301
7.031250 0.651947
7.033203 0.657092
7.035156 0.629105
7.037109 0.548114
7.039063 0.506839
7.041016 0.475889
7.042969 0.402400
7.044922 0.292185
7.046875 0.208455
7.048828 0.200573
7.050781 0.175548
7.052734 0.139399
7.054688 0.106139
7.056641 0.095800
7.058594 0.113208
7.060547 0.137363
7.062500 0.053393
7.064453 -0.024097
7.066406 -0.047994
7.068359 -0.113273
7.070313 -0.103465
7.072266 -0.103757
7.074219 -0.090631
7.076172 -0.043049
7.078125 0.007297
7.080078 0.019991
7.082031 0.016420
7.083984 -0.034822
7.085938 -0.109927
7.087891 -0.170413
7.089844 -0.244049
7.091797 -0.283093
7.093750 -0.264590
7.095703 -0.295650
7.097656 -0.307056
7.099609 -0.300522
7.101563 -0.214983
7.103516 -0.188867
7.105469 -0.157544
7.107422 -0.104545
7.109375 -0.115748
7.111328 -0.190060
7.113281 -0.223348
7.115234 -0.262278
7.117188 -0.298899
7.119141 -0.368965
7.121094 -0.331203
7.123047 -0.301201
7.125000 -0.255535
7.126953 -0.221141
7.128906 -0.187524
7.130859 -0.138570
7.132813 -0.131459
7.134766 -0.134333
7.136719 -0.187799
7.138672 -0.250812
7.140625 -0.356444
7.142578 -0.402040
7.144531 -0.438547
7.146484 -0.498688
7.148438 -0.476551
7.150391 -0.417262
7.152344 -0.369352
7.154297 -0.357004
7.156250 -0.327981
7.158203 -0.297216
7.160156 -0.272380
7.162109 -0.238130
7.164063 -0.193133
7.166016 -0.150440
7.167969 -0.210532
7.169922 -0.232415
7.171875 -0.286302
7.173828 -0.308474
7.175781 -0.331287
7.177734 -0.345159
7.179688 -0.371565
7.181641 -0.335658
7.183594 -0.278677
7.185547 -0.284407
7.187500 -0.232515
7.189453 -0.250516
7.191406 -0.254719
7.193359 -0.327836
7.195313 -0.330464
7.197266 -0.366394
7.199219 -0.376817
7.201172 -0.379084
7.203125 -0.454789
7.205078 -0.536045
7.207031 -0.527431
7.208984 -0.528938
7.210938 -0.584024
7.212891 -0.631505
7.214844 -0.655896
7.216797 -0.672431
7.218750 -0.720411
7.220703 -0.737361
7.222656 -0.701870
7.224609 -0.652236
7.226563 -0.569295
7.228516 -0.543500
7.230469 -0.495810
7.232422 -0.509473
7.234375 -0.534565
7.236328 -0.532546
7.238281 -0.453237
7.240234 -0.375567
7.242188 -0.258087
7.244141 -0.234325
7.246094 -0.275344
7.248047 -0.242738
7.250000 -0.213281
7.251953 -0.147113
7.253906 -0.136735
7.255859 -0.112132
7.257813 -0.040645
7.259766 0.033888
7.261719 0.008897
7.263672 0.018197
7.265625 0.072241
7.267578 0.046634
7.269531 -0.023241
7.271484 -0.047753
7.273438 -0.057452
7.275391 0.027402
7.277344 0.128811
7.279297 0.164026
7.281250 0.180842
7.283203 0.235060
7.285156 0.287752
7.287109 0.306195
7.289063 0.265050
7.291016 0.190349
7.292969 0.116780
7.294922 0.098951
7.296875 0.047571
7.298828 0.037848
7.300781 0.053678
7.302734 0.045825
7.304688 0.067049
7.306641 0.174012
7.308594 0.235615
7.310547 0.227572
7.312500 0.228132
7.314453 0.267102
7.316406 0.240695
7.318359 0.271166
7.320313 0.384205
7.322266 0.472246
7.324219 0.530987
7.326172 0.534621
7.328125 0.545012
7.330078 0.511512
7.332031 0.485785
7.333984 0.400433
7.335938 0.373137
7.337891 0.284508
7.339844 0.194299
7.341797 0.188922
7.343750 0.170089
7.345703 0.174159
7.347656 0.160565
7.349609 0.212976
7.351563 0.141226
7.353516 0.051257
7.355469 0.024865
7.357422 0.024672
7.359375 0.067208
7.361328 0.128411
7.363281 0.081398
7.365234 0.087098
7.367188 0.043540
7.369141 -0.024159
7.371094 -0.095410
7.373047 -0.170947
7.375000 -0.225742
7.376953 -0.246877
7.378906 -0.150964
7.380859 -0.039732
7.382813 -0.016810
7.384766 -0.031305
7.386719 -0.033899
7.388672 -0.064250
7.390625 -0.101082
7.392578 -0.043451
7.394531 -0.043459
7.396484 -0.063764
7.398438 -0.057661
7.400391 -0.039376
7.402344 -0.023293
7.404297 -0.086913
7.406250 -0.031472
7.408203 0.019714
7.410156 0.053914
7.412109 0.062564
7.414063 0.035660
7.416016 -0.044979
7.417969 -0.067657
7.419922 -0.091905
7.421875 -0.080253
7.423828 -0.034371
7.425781 -0.022876
7.427734 0.041264
7.429688 0.066394
7.431641 0.115801
7.433594 0.170384
7.435547 0.178785
7.437500 0.229658
7.439453 0.282782
7.441406 0.298503
7.443359 0.327425
7.445313 0.339780
7.447266 0.283993
7.449219 0.220908
7.451172 0.188536
7.453125 0.120379
7.455078 0.002627
7.457031 -0.079630
7.458984 -0.117982
7.460938 -0.152899
7.462891 -0.147131
7.464844 -0.106728
7.466797 -0.072608
7.468750 -0.060089
7.470703 -0.057897
7.472656 -0.024705
7.474609 -0.036522
7.476563 -0.094494
7.478516 -0.100434
7.480469 -0.121299
7.482422 -0.080246
7.484375 -0.066244
7.486328 -0.108534
7.488281 -0.146253
7.490234 -0.142549
7.492188 -0.131752
7.494141 -0.085312
7.496094 -0.077593
7.498047 -0.112458
7.500000 -0.149169
7.501953 -0.144098
7.503906 -0.084144
7.505859 -0.015033
7.507813 0.002763
7.509766 -0.063858
7.511719 -0.134674
7.513672 -0.194019
7.515625 -0.242388
7.517578 -0.265380
7.519531 -0.313836
7.521484 -0.312049
7.523438 -0.337291
7.525391 -0.290747
7.527344 -0.234074
7.529297 -0.199046
7.531250 -0.148392
7.533203 -0.130553
7.535156 -0.130744
7.537109 -0.104148
7.539063 -0.079471
7.541016 -0.079288
7.542969 -0.060429
7.544922 -0.145653
7.546875 -0.165846
7.548828 -0.108638
7.550781 -0.140857
7.552734 -0.204148
7.554688 -0.218791
7.556641 -0.198230
7.558594 -0.154476
7.560547 0.008815
7.562500 0.110538
7.564453 0.186265
7.566406 0.217577
7.568359 0.217550
7.570313 0.234140
7.572266 0.205457
7.574219 0.226067
7.576172 0.199881
7.578125 0.054752
7.580078 -0.048808
7.582031 -0.125133
7.583984 -0.197553
7.585938 -0.232796
7.587891 -0.238186
7.589844 -0.249474
7.591797 -0.167618
7.593750 -0.092832
7.595703 0.008096
7.597656 0.086322
7.599609 0.099793
7.601563 0.204709
7.603516 0.223620
7.605469 0.349480
7.607422 0.497082
7.609375 0.621192
7.611328 0.648835
7.613281 0.655295
7.615234 0.738232
7.617188 0.788829
7.619141 0.836698
7.621094 0.935029
7.623047 0.964241
7.625000 0.974561
7.626953 0.976703
7.628906 0.948025
7.630859 0.916834
7.632813 0.892765
7.634766 0.904185
7.636719 0.912394
7.638672 0.865259
7.640625 0.840086
7.642578 0.864193
7.644531 0.829789
7.646484 0.717820
7.648438 0.584756
7.650391 0.470645
7.652344 0.377785
7.654297 0.293938
7.656250 0.159380
7.658203 0.065376
7.660156 0.002963
7.662109 -0.023498
7.664063 -0.011745
7.666016 -0.050971
7.667969 -0.059542
7.669922 -0.061277
7.671875 -0.075057
7.673828 -0.027240
7.675781 -0.016982
7.677734 -0.046462
7.679688 -0.079620
7.681641 -0.117416
7.683594 -0.118113
7.685547 -0.179077
7.687500 -0.204102
7.689453 -0.177265
7.691406 -0.211156
7.693359 -0.123115
7.695313 -0.057340
7.697266 -0.003584
7.699219 0.109092
7.701172 0.094950
7.703125 0.209510
7.705078 0.258211
7.707031 0.366522
7.708984 0.449102
7.710938 0.467435
7.712891 0.483126
7.714844 0.480310
7.716797 0.370673
7.718750 0.265090
7.720703 0.197280
7.722656 0.141775
7.724609 0.106184
7.726563 0.126262
7.728516 0.100847
7.730469 0.046168
7.732422 -0.001682
7.734375 0.015871
7.736328 0.027538
7.738281 0.041446
7.740234 -0.002071
7.742188 0.013849
7.744141 0.063965
7.746094 0.091757
7.748047 0.112824
7.750000 0.107012
7.751953 0.085058
7.753906 0.107983
7.755859 0.001069
7.757813 -0.155772
7.759766 -0.338705
7.761719 -0.448302
7.763672 -0.440401
7.765625 -0.434199
7.767578 -0.402976
7.769531 -0.374591
7.771484 -0.361381
7.773438 -0.340769
7.775391 -0.278703
7.777344 -0.273771
7.779297 -0.244805
7.781250 -0.182344
7.783203 -0.099827
7.785156 -0.041667
7.787109 0.031185
7.789063 0.037981
7.791016 0.090829
7.792969 0.177626
7.794922 0.180756
7.796875 0.242050
7.798828 0.288423
7.800781 0.354885
7.802734 0.415775
7.804688 0.454263
7.806641 0.493666
7.808594 0.596639
7.810547 0.663448
7.812500 0.708982
7.814453 0.695366
7.816406 0.630430
7.818359 0.538863
7.820313 0.467191
7.822266 0.398527
7.824219 0.331312
7.826172 0.274257
7.828125 0.200252
7.830078 0.172918
7.832031 0.211100
7.833984 0.307888
7.835938 0.322234
7.837891 0.241557
7.839844 0.167669
7.841797 0.191078
7.843750 0.194489
7.845703 0.165108
7.847656 0.122137
7.849609 0.071594
7.851563 0.045150
7.853516 0.052889
7.855469 0.041338
7.857422 -0.020487
7.859375 -0.098245
7.861328 -0.096937
7.863281 -0.163741
7.865234 -0.203255
7.867188 -0.206098
7.869141 -0.206497
7.871094 -0.237348
7.873047 -0.243115
7.875000 -0.223045
7.876953 -0.201256
7.878906 -0.182358
7.880859 -0.119411
7.882813 -0.086685
7.884766 -0.009531
7.886719 0.024133
7.888672 0.020159
7.890625 0.013163
7.892578 0.018779
7.894531 -0.046312
7.896484 -0.126585
7.898438 -0.116876
7.900391 -0.134711
7.902344 -0.086148
7.904297 -0.056372
7.906250 -0.078090
7.908203 -0.100777
7.910156 -0.125434
7.912109 -0.152368
7.914063 -0.120242
7.916016 -0.124740
7.917969 -0.140333
7.919922 -0.198279
7.921875 -0.215827
7.923828 -0.191717
7.925781 -0.145831
7.927734 -0.095099
7.929688 -0.116404
7.931641 -0.095421
7.933594 -0.078493
7.935547 -0.082773
7.937500 -0.096838
7.939453 -0.092119
7.941406 -0.131428
7.943359 -0.237063
7.945313 -0.274526
7.947266 -0.292700
7.949219 -0.305463
7.951172 -0.378840
7.953125 -0.402198
7.955078 -0.346563
7.957031 -0.231098
7.958984 -0.160141
7.960938 -0.081964
7.962891 -0.050592
7.964844 -0.065356
7.966797 -0.006738
7.968750 0.109941
7.970703 0.194884
7.972656 0.290462
7.974609 0.342394
7.976563 0.355159
7.978516 0.309239
7.980469 0.301994
7.982422 0.310237
7.984375 0.312300
7.986328 0.285424
7.988281 0.252593
7.990234 0.167603
7.992188 0.100819
7.994141 0.060682
7.996094 0.055987
7.998047 0.102415
8.000000 0.115776
8.001953 0.134088
8.003906 0.066240
8.005859 -0.011718
8.007813 -0.131619
8.009766 -0.188829
8.011719 -0.169796
8.013672 -0.160995
8.015625 -0.086561
8.017578 -0.095301
8.019531 -0.154691
8.021484 -0.152781
8.023438 -0.152790
8.025391 -0.154592
8.027344 -0.165172
8.029297 -0.204985
8.031250 -0.235311
8.033203 -0.315356
8.035156 -0.406970
8.037109 -0.431828
8.039063 -0.484977
8.041016 -0.484131
8.042969 -0.469788
8.044922 -0.417553
8.046875 -0.317739
8.048828 -0.275312
8.050781 -0.215534
8.052734 -0.187677
8.054688 -0.207817
8.056641 -0.215306
8.058594 -0.187188
8.060547 -0.177518
8.062500 -0.130918
8.064453 -0.154811
8.066406 -0.229405
8.068359 -0.289721
8.070313 -0.315101
8.072266 -0.362769
8.074219 -0.393326
8.076172 -0.400744
8.078125 -0.321454
8.080078 -0.306928
8.082031 -0.290929
8.083984 -0.294558
8.085938 -0.310954
8.087891 -0.312356
8.089844 -0.204569
8.091797 -0.172060
8.093750 -0.110558
8.095703 -0.031902
8.097656 -0.016757
8.099609 -0.016927
8.101563 -0.002125
8.103516 -0.045100
8.105469 -0.075503
8.107422 -0.105461
8.109375 -0.233679
8.111328 -0.370816
8.113281 -0.453003
8.115234 -0.468907
8.117188 -0.409812
8.119141 -0.336092
8.121094 -0.247188
8.123047 -0.084403
8.125000 0.014082
8.126953 0.049129
8.128906 0.110078
8.130859 0.078129
8.132813 0.108089
8.134766 0.162661
8.136719 0.216966
8.138672 0.276858
8.140625 0.282916
8.142578 0.329428
8.144531 0.298031
8.146484 0.248365
8.148438 0.231132
8.150391 0.229062
8.152344 0.228179
8.154297 0.243205
8.156250 0.249777
8.158203 0.197597
8.160156 0.221935
8.162109 0.224262
8.164063 0.216430
8.166016 0.261945
8.167969 0.294749
8.169922 0.340614
8.171875 0.334663
8.173828 0.396606
8.175781 0.457631
8.177734 0.523942
8.179688 0.555955
8.181641 0.525458
8.183594 0.448636
8.185547 0.412666
8.187500 0.387788
8.189453 0.382925
8.191406 0.407227
8.193359 0.392374
8.195313 0.410275
8.197266 0.443735
8.199219 0.446215
8.201172 0.335154
8.203125 0.312782
8.205078 0.236606
8.207031 0.222868
8.208984 0.222401
8.210938 0.178995
8.212891 0.170582
8.214844 0.150596
8.216797 0.085897
8.218750 0.003029
8.220703 -0.078281
8.222656 -0.087967
8.224609 -0.128434
8.226563 -0.161168
8.228516 -0.232572
8.230469 -0.242865
8.232422 -0.268780
8.234375 -0.252898
8.236328 -0.227224
8.238281 -0.175388
8.240234 -0.149010
8.242188 -0.125226
8.244141 -0.117773
8.246094 -0.183754
8.248047 -0.229001
8.250000 -0.248188
8.251953 -0.309758
8.253906 -0.331308
8.255859 -0.320593
8.257813 -0.290460
8.259766 -0.265333
8.261719 -0.187110
8.263672 -0.155782
8.265625 -0.120767
8.267578 -0.064247
8.269531 -0.090450
8.271484 -0.099604
8.273438 -0.082830
8.275391 -0.071060
8.277344 -0.033345
8.279297 -0.000249
8.281250 -0.014505
8.283203 0.007782
8.285156 0.056373
8.287109 0.082066
8.289063 0.162464
8.291016 0.158349
8.292969 0.121230
8.294922 0.085883
8.296875 0.079134
8.298828 0.034779
8.300781 0.019731
8.302734 -0.008096
8.304688 -0.019917
8.306641 -0.113465
8.308594 -0.184531
8.310547 -0.187339
8.312500 -0.187014
8.314453 -0.179871
8.316406 -0.126996
8.318359 -0.016129
8.320313 0.083767
8.322266 0.089610
8.324219 0.070955
8.326172 0.085846
8.328125 0.039902
8.330078 0.013666
8.332031 -0.017020
8.333984 -0.064668
8.335938 -0.124476
8.337891 -0.161593
8.339844 -0.165120
8.341797 -0.087245
8.343750 -0.067346
8.345703 -0.152431
8.347656 -0.192332
8.349609 -0.176700
8.351563 -0.152989
8.353516 -0.096908
8.355469 -0.061841
8.357422 -0.027582
8.359375 0.011548
8.361328 0.018729
8.363281 0.025311
8.365234 0.037838
8.367188 0.076553
8.369141 0.121432
8.371094 0.227751
8.373047 0.301154
8.375000 0.359412
8.376953 0.338723
8.378906 0.302602
8.380859 0.332258
8.382813 0.361423
8.384766 0.372459
8.386719 0.379194
8.388672 0.331039
8.390625 0.273695
8.392578 0.278365
8.394531 0.308292
8.396484 0.339257
8.398438 0.373204
8.400391 0.464633
8.402344 0.566315
8.404297 0.506915
8.406250 0.426866
8.408203 0.379649
8.410156 0.365712
8.412109 0.354780
8.414063 0.319818
8.416016 0.360246
8.417969 0.421156
8.419922 0.484787
8.421875 0.478621
8.423828 0.459790
8.425781 0.333428
8.427734 0.278636
8.429688 0.237368
8.431641 0.255124
8.433594 0.216996
8.435547 0.270768
8.437500 0.278631
8.439453 0.302253
8.441406 0.274549
8.443359 0.264576
8.445313 0.280675
8.447266 0.304118
8.449219 0.343195
8.451172 0.387081
8.453125 0.425141
8.455078 0.369779
8.457031 0.370186
8.458984 0.337082
8.460938 0.303401
8.462891 0.288492
8.464844 0.268907
8.466797 0.161319
8.468750 0.078501
8.470703 0.069424
8.472656 0.089809
8.474609 0.100687
8.476563 0.125041
8.478516 0.182288
8.480469 0.163096
8.482422 0.167905
8.484375 0.207394
8.486328 0.205863
8.488281 0.143684
8.490234 0.124289
8.492188 0.099671
8.494141 0.121640
8.496094 0.118709
8.498047 0.064023
8.500000 0.004197
8.501953 -0.011069
8.503906 -0.046580
8.505859 -0.124421
8.507813 -0.145277
8.509766 -0.056627
8.511719 0.039113
8.513672 0.053506
8.515625 0.143561
8.517578 0.219334
8.519531 0.214739
8.521484 0.216027
8.523438 0.219171
8.525391 0.202429
8.527344 0.183191
8.529297 0.168141
8.531250 0.131016
8.533203 0.074816
8.535156 0.052387
8.537109 0.052278
8.539063 0.053220
8.541016 0.073931
8.542969 0.029644
8.544922 0.022889
8.546875 0.014490
8.548828 -0.009279
8.550781 -0.044368
8.552734 -0.059904
8.554688 -0.069894
8.556641 -0.097267
8.558594 -0.121292
8.560547 -0.124905
8.562500 -0.109689
8.564453 -0.070241
8.566406 -0.056598
8.568359 -0.030566
8.570313 -0.009880
8.572266 -0.006999
8.574219 -0.009115
8.576172 -0.015058
8.578125 -0.002161
8.580078 0.005345
8.582031 -0.026038
8.583984 -0.053959
8.585938 -0.025274
8.587891 -0.082804
8.589844 -0.142601
8.591797 -0.173532
8.593750 -0.193617
8.595703 -0.181512
8.597656 -0.102061
8.599609 -0.045569
8.601563 -0.002612
8.603516 0.099024
8.605469 0.188405
8.607422 0.213689
8.609375 0.204522
8.611328 0.214156
8.613281 0.221258
8.615234 0.228039
8.617188 0.195648
8.619141 0.258755
8.621094 0.254697
8.623047 0.235422
8.625000 0.181166
8.626953 0.164385
8.628906 0.106957
8.630859 0.067267
8.632813 0.003678
8.634766 -0.034636
8.636719 -0.034720
8.638672 -0.116267
8.640625 -0.171197
8.642578 -0.134928
8.644531 -0.075343
8.646484 -0.075017
8.648438 -0.001793
8.650391 -0.006444
8.652344 -0.036645
8.654297 -0.001506
8.656250 0.082726
8.658203 0.141925
8.660156 0.144324
8.662109 0.065966
8.664063 -0.053267
8.666016 -0.158239
8.667969 -0.250188
8.669922 -0.390685
8.671875 -0.515860
8.673828 -0.604529
8.675781 -0.604886
8.677734 -0.629592
8.679688 -0.601247
8.681641 -0.556224
8.683594 -0.486536
8.685547 -0.451685
8.687500 -0.401815
8.689453 -0.337040
8.691406 -0.191050
8.693359 -0.152344
8.695313 -0.160060
8.697266 -0.155270
8.699219 -0.191474
8.701172 -0.177817
8.703125 -0.240010
8.705078 -0.252330
8.707031 -0.199593
8.708984 -0.157065
8.710938 -0.105303
8.712891 -0.047408
8.714844 -0.001925
8.716797 0.004928
8.718750 0.067334
8.720703 0.038305
8.722656 0.012302
8.724609 0.073344
8.726563 0.127478
8.728516 0.162644
8.730469 0.222252
8.732422 0.240497
8.734375 0.182096
8.736328 0.126938
8.738281 0.060858
8.740234 0.005433
8.742188 -0.026031
8.744141 -0.082468
8.746094 -0.120036
8.748047 -0.175904
8.750000 -0.192933
8.751953 -0.242038
8.753906 -0.268218
8.755859 -0.301193
8.757813 -0.322304
8.759766 -0.311193
8.761719 -0.288628
8.763672 -0.223661
8.765625 -0.128987
8.767578 -0.087733
8.769531 -0.033902
8.771484 -0.032227
8.773438 -0.004428
8.775391 0.049742
8.777344 0.127950
8.779297 0.129799
8.781250 0.101966
8.783203 0.077695
8.785156 0.088195
8.787109 0.182579
8.789063 0.213372
8.791016 0.198739
8.792969 0.177438
8.794922 0.172657
8.796875 0.199321
8.798828 0.198909
8.800781 0.185493
8.802734 0.152433
8.804688 0.145988
8.806641 0.074320
8.808594 -0.054617
8.810547 -0.184257
8.812500 -0.319782
8.814453 -0.420302
8.816406 -0.509505
8.818359 -0.545942
8.820313 -0.629273
8.822266 -0.724756
8.824219 -0.830029
8.826172 -0.856159
8.828125 -0.786031
8.830078 -0.779142
8.832031 -0.720575
8.833984 -0.650866
8.835938 -0.558086
8.837891 -0.505244
8.839844 -0.406290
8.841797 -0.314463
8.843750 -0.267206
8.845703 -0.218835
8.847656 -0.133549
8.849609 -0.108835
8.851563 -0.147633
8.853516 -0.146427
8.855469 -0.106268
8.857422 -0.123786
8.859375 -0.147859
8.861328 -0.132112
8.863281 -0.161764
8.865234 -0.181723
8.867188 -0.205463
8.869141 -0.270284
8.871094 -0.286601
8.873047 -0.248565
8.875000 -0.275512
8.876953 -0.298049
8.878906 -0.276024
8.880859 -0.240458
8.882813 -0.214634
8.884766 -0.172828
8.886719 -0.171254
8.888672 -0.196103
8.890625 -0.187852
8.892578 -0.199887
8.894531 -0.219745
8.896484 -0.161412
8.898438 -0.140899
8.900391 -0.129600
8.902344 -0.098630
8.904297 -0.034417
8.906250 0.011390
8.908203 0.046517
8.910156 0.091417
8.912109 0.198203
8.914063 0.292324
8.916016 0.371087
8.917969 0.419732
8.919922 0.534770
8.921875 0.550391
8.923828 0.549941
8.925781 0.469831
8.927734 0.469556
8.929688 0.418253
8.931641 0.346373
8.933594 0.368561
8.935547 0.385137
8.937500 0.474516
8.939453 0.506182
8.941406 0.441785
8.943359 0.383443
8.945313 0.320795
8.947266 0.259495
8.949219 0.214307
8.951172 0.204354
8.953125 0.197875
8.955078 0.244740
8.957031 0.253307
8.958984 0.247312
8.960938 0.147843
8.962891 0.124337
8.964844 0.076467
8.966797 0.106224
8.968750 0.071994
8.970703 0.018018
8.972656 -0.047913
8.974609 -0.093325
8.976563 -0.127237
8.978516 -0.201122
8.980469 -0.295954
8.982422 -0.353894
8.984375 -0.430474
8.986328 -0.447343
8.988281 -0.418842
8.990234 -0.391218
8.992188 -0.363375
8.994141 -0.364624
8.996094 -0.409037
8.998047 -0.382123
9.000000 -0.376491
9.001953 -0.362445
9.003906 -0.261574
9.005859 -0.263370
9.007813 -0.267862
9.009766 -0.187127
9.011719 -0.125234
9.013672 -0.077809
9.015625 -0.034587
9.017578 0.072396
9.019531 0.073456
9.021484 0.020839
9.023438 0.006037
9.025391 0.033806
9.027344 0.147653
9.029297 0.151574
9.031250 0.178831
9.033203 0.145132
9.035156 0.179986
9.037109 0.180749
9.039063 0.209172
9.041016 0.279926
9.042969 0.263190
9.044922 0.272650
9.046875 0.188504
9.048828 0.112022
9.050781 0.061529
9.052734 -0.009320
9.054688 -0.026018
9.056641 -0.047210
9.058594 -0.052494
9.060547 -0.106074
9.062500 -0.167071
9.064453 -0.245355
9.066406 -0.274992
9.068359 -0.353740
9.070313 -0.364716
9.072266 -0.392864
9.074219 -0.425859
9.076172 -0.341406
9.078125 -0.356527
9.080078 -0.359784
9.082031 -0.318395
9.083984 -0.355000
9.085938 -0.321750
9.087891 -0.294846
9.089844 -0.175705
9.091797 -0.070655
9.093750 -0.014151
9.095703 0.045657
9.097656 0.101756
9.099609 0.102174
9.101563 0.093259
9.103516 0.084280
9.105469 0.037629
9.107422 0.007597
9.109375 0.011805
9.111328 -0.030774
9.113281 -0.040705
9.115234 -0.002463
9.117188 0.005087
9.119141 -0.042078
9.121094 -0.020599
9.123047 -0.040109
9.125000 -0.012337
9.126953 -0.039815
9.128906 -0.075341
9.130859 -0.095145
9.132813 -0.032218
9.134766 0.013953
9.136719 0.136055
9.138672 0.225988
9.140625 0.319037
9.142578 0.407391
9.144531 0.465414
9.146484 0.521052
9.148438 0.572790
9.150391 0.571676
9.152344 0.451791
9.154297 0.286220
9.156250 0.220239
9.158203 0.125720
9.160156 0.050169
9.162109 0.007928
9.164063 -0.094985
9.166016 -0.129001
9.167969 -0.126435
9.169922 -0.066712
9.171875 -0.010021
9.173828 0.015293
9.175781 0.073181
9.177734 0.117166
9.179688 0.116110
9.181641 0.105141
9.183594 0.148054
9.185547 0.135661
9.187500 0.185854
9.189453 0.218426
9.191406 0.248915
9.193359 0.270224
9.195313 0.248565
9.197266 0.200191
9.199219 0.183946
9.201172 0.211147
9.203125 0.308065
9.205078 0.403762
9.207031 0.478339
9.208984 0.471044
9.210938 0.512162
9.212891 0.524960
9.214844 0.461739
9.216797 0.425781
9.218750 0.316838
9.220703 0.233299
9.222656 0.211679
9.224609 0.192042
9.226563 0.173257
9.228516 0.134721
9.230469 0.103035
9.232422 0.053371
9.234375 -0.019288
9.236328 -0.102770
9.238281 -0.231466
9.240234 -0.294385
9.242188 -0.351886
9.244141 -0.360200
9.246094 -0.353135
9.248047 -0.344401
9.250000 -0.346173
9.251953 -0.393876
9.253906 -0.449477
9.255859 -0.512283
9.257813 -0.498169
9.259766 -0.383197
9.261719 -0.331798
9.263672 -0.224479
9.265625 -0.156130
9.267578 -0.092061
9.269531 -0.045724
9.271484 0.038973
9.273438 0.132067
9.275391 0.169531
9.277344 0.179832
9.279297 0.140825
9.281250 0.119419
9.283203 0.000843
9.285156 -0.189179
9.287109 -0.352289
9.289063 -0.497642
9.291016 -0.609847
9.292969 -0.593474
9.294922 -0.503029
9.296875 -0.410765
9.298828 -0.245133
9.300781 -0.204770
9.302734 -0.160108
9.304688 -0.129763
9.306641 -0.102256
9.308594 -0.066561
9.310547 -0.050177
9.312500 -0.051486
9.314453 -0.144712
9.316406 -0.198597
9.318359 -0.221196
9.320313 -0.269712
9.322266 -0.276230
9.324219 -0.248364
9.326172 -0.259883
9.328125 -0.294482
9.330078 -0.355558
9.332031 -0.402917
9.333984 -0.438403
9.335938 -0.483834
9.337891 -0.503699
9.339844 -0.485670
9.341797 -0.471442
9.343750 -0.514700
9.345703 -0.583543
9.347656 -0.625634
9.349609 -0.608770
9.351563 -0.617895
9.353516 -0.581046
9.355469 -0.540222
9.357422 -0.483250
9.359375 -0.476545
9.361328 -0.405539
9.363281 -0.280364
9.365234 -0.167973
9.367188 -0.118437
9.369141 -0.097919
9.371094 -0.013494
9.373047 0.071642
9.375000 0.024034
9.376953 -0.025748
9.378906 -0.045043
9.380859 -0.075056
9.382813 0.036667
9.384766 0.036630
9.386719 0.035501
9.388672 0.008247
9.390625 -0.005044
9.392578 -0.010051
9.394531 0.005090
9.396484 0.024295
9.398438 0.027281
9.400391 0.057195
9.402344 0.083569
9.404297 0.158114
9.406250 0.165632
9.408203 0.100142
9.410156 0.010144
9.412109 -0.075886
9.414063 -0.147755
9.416016 -0.177690
9.417969 -0.192406
9.419922 -0.165219
9.421875 -0.129726
9.423828 -0.093624
9.425781 -0.091575
9.427734 -0.051883
9.429688 -0.014980
9.431641 0.013784
9.433594 0.077376
9.435547 0.097419
9.437500 0.097720
9.439453 0.088315
9.441406 0.068072
9.443359 0.076652
9.445313 0.090721
9.447266 0.074377
9.449219 0.094264
9.451172 0.060502
9.453125 0.040487
9.455078 0.050952
9.457031 0.068048
9.458984 0.061192
9.460938 0.044707
9.462891 -0.015729
9.464844 -0.063261
9.466797 -0.124849
9.468750 -0.191020
9.470703 -0.217033
9.472656 -0.216593
9.474609 -0.143915
9.476563 -0.045309
9.478516 0.025373
9.480469 -0.042349
9.482422 -0.104364
9.484375 -0.195607
9.486328 -0.205018
9.488281 -0.249794
9.490234 -0.279658
9.492188 -0.283772
9.494141 -0.289103
9.496094 -0.284789
9.498047 -0.251827
9.500000 -0.215416
9.501953 -0.102191
9.503906 0.056740
9.505859 0.136784
9.507813 0.196516
9.509766 0.286612
9.511719 0.365455
9.513672 0.354858
9.515625 0.279609
9.517578 0.259210
9.519531 0.214120
9.521484 0.135851
9.523438 -0.006994
9.525391 -0.130058
9.527344 -0.288648
9.529297 -0.419488
9.531250 -0.498293
9.533203 -0.487294
9.535156 -0.446169
9.537109 -0.446407
9.539063 -0.385334
9.541016 -0.343515
9.542969 -0.337819
9.544922 -0.282968
9.546875 -0.203887
9.548828 -0.173815
9.550781 -0.183006
9.552734 -0.217965
9.554688 -0.199445
9.556641 -0.096741
9.558594 -0.090847
9.560547 -0.105213
9.562500 -0.095876
9.564453 -0.031316
9.566406 0.023607
9.568359 0.022040
9.570313 0.067731
9.572266 0.128541
9.574219 0.238123
9.576172 0.349085
9.578125 0.328558
9.580078 0.285707
9.582031 0.238996
9.583984 0.285308
9.585938 0.300722
9.587891 0.292006
9.589844 0.279587
9.591797 0.251752
9.593750 0.275363
9.595703 0.272070
9.597656 0.206180
9.599609 0.166237
9.601563 0.154583
9.603516 0.148403
9.605469 0.129166
9.607422 0.167995
9.609375 0.163746
9.611328 0.085334
9.613281 -0.025159
9.615234 -0.016877
9.617188 -0.014552
9.619141 -0.025242
9.621094 -0.078826
9.623047 -0.168920
9.625000 -0.208211
9.626953 -0.171788
9.628906 -0.177226
9.630859 -0.236659
9.632813 -0.217374
9.634766 -0.186921
9.636719 -0.205955
9.638672 -0.178561
9.640625 -0.201010
9.642578 -0.153142
9.644531 -0.042436
9.646484 -0.014592
9.648438 0.044123
9.650391 0.062834
9.652344 0.066723
9.654297 0.072448
9.656250 0.120858
9.658203 0.154883
9.660156 0.193525
9.662109 0.222474
9.664063 0.178023
9.666016 0.098252
9.667969 0.070205
9.669922 0.104929
9.671875 0.134718
9.673828 0.156746
9.675781 0.128956
9.677734 0.131148
9.679688 0.048023
9.681641 0.037244
9.683594 0.018208
9.685547 0.022329
9.687500 0.078589
9.689453 0.108643
9.691406 0.112178
9.693359 0.165162
9.695313 0.139553
9.697266 0.087289
9.699219 0.028973
9.701172 0.051357
9.703125 0.095562
9.705078 0.128259
9.707031 0.168406
9.708984 0.166148
9.710938 0.118320
9.712891 0.038036
9.714844 0.010889
9.716797 -0.030514
9.718750 -0.103059
9.720703 -0.132474
9.722656 -0.165077
9.724609 -0.165898
9.726563 -0.138517
9.728516 -0.102552
9.730469 -0.075995
9.732422 -0.027528
9.734375 -0.004694
9.736328 0.066116
9.738281 0.095981
9.740234 0.108227
9.742188 0.078755
9.744141 0.080871
9.746094 0.063470
9.748047 0.064722
9.750000 0.061782
9.751953 0.048593
9.753906 -0.017997
9.755859 -0.059935
9.757813 -0.040933
9.759766 -0.025985
9.761719 0.037724
9.763672 0.137933
9.765625 0.101294
9.767578 0.054699
9.769531 0.000609
9.771484 -0.022023
9.773438 -0.090659
9.775391 -0.156040
9.777344 -0.128201
9.779297 -0.141395
9.781250 -0.088158
9.783203 -0.069298
9.785156 -0.055815
9.787109 -0.059181
9.789063 -0.067823
9.791016 -0.095829
9.792969 -0.124897
9.794922 -0.088710
9.796875 -0.023068
9.798828 -0.009611
9.800781 0.072495
9.802734 0.122168
9.804688 0.180723
9.806641 0.163312
9.808594 0.166671
9.810547 0.234188
9.812500 0.298554
9.814453 0.386816
9.816406 0.388487
9.818359 0.427825
9.820313 0.449698
9.822266 0.458204
9.824219 0.456508
9.826172 0.464611
9.828125 0.512333
9.830078 0.513912
9.832031 0.424090
9.833984 0.397163
9.835938 0.369208
9.837891 0.314361
9.839844 0.252970
9.841797 0.194429
9.843750 0.164482
9.845703 0.086766
9.847656 0.131362
9.849609 0.124124
9.851563 0.088225
9.853516 0.044141
9.855469 -0.013769
9.857422 -0.065769
9.859375 -0.132272
9.861328 -0.159850
9.863281 -0.153693
9.865234 -0.070786
9.867188 -0.003383
9.869141 0.047972
9.871094 0.017697
9.873047 0.043105
9.875000 0.008536
9.876953 -0.053266
9.878906 -0.085056
9.880859 -0.133414
9.882813 -0.150998
9.884766 -0.202581
9.886719 -0.202422
9.888672 -0.197453
9.890625 -0.268036
9.892578 -0.306499
9.894531 -0.338345
9.896484 -0.368093
9.898438 -0.395241
9.900391 -0.391721
9.902344 -0.385284
9.904297 -0.453253
9.906250 -0.488319
9.908203 -0.442348
9.910156 -0.432156
9.912109 -0.407408
9.914063 -0.299996
9.916016 -0.201151
9.917969 -0.152902
9.919922 -0.148444
9.921875 -0.141001
9.923828 -0.118611
9.925781 -0.127242
9.927734 -0.113925
9.929688 -0.185910
9.931641 -0.244561
9.933594 -0.243615
9.935547 -0.175191
9.937500 -0.125711
9.939453 -0.086377
9.941406 -0.052187
9.943359 -0.026089
9.945313 0.019865
9.947266 0.018074
9.949219 0.025148
9.951172 -0.021284
9.953125 -0.013454
9.955078 0.041252
9.957031 -0.013181
9.958984 -0.039611
9.960938 -0.057503
9.962891 -0.071155
9.964844 -0.088476
9.966797 -0.031292
9.968750 0.075693
9.970703 0.138372
9.972656 0.169922
9.974609 0.153986
9.976563 0.095573
9.978516 0.010493
9.980469 -0.058507
9.982422 -0.068077
9.984375 -0.033069
9.986328 0.004793
9.988281 0.015795
9.990234 0.059003
9.992188 0.131079
9.994141 0.208159
9.996094 0.226992
9.998047 0.269439
